tita titas E[V] ic ti d[cm] L lambda omega
0.000010 0.000010 0.000000 -0.004824 0.000000 0.002000 0.090000 0.010000 0.000100 0.000000 0.000000
0.003345 0.003378 -0.000346 -0.004824 133.333328 0.002000 0.090000 0.010000 0.000100 0.000000 0.000000
0.006680 0.006713 -0.000685 -0.004824 266.666656 0.002000 0.090000 0.010000 0.000100 0.000000 0.000000
0.010015 0.010048 -0.001022 -0.004824 400.000000 0.002000 0.090000 0.010000 0.000100 0.000000 0.000000
0.013350 0.013383 -0.001357 -0.004824 533.333313 0.002000 0.090000 0.010000 0.000100 0.000000 0.000000
0.016685 0.016718 -0.001690 -0.004824 666.666687 0.002000 0.090000 0.010000 0.000100 0.000000 0.000000
0.020020 0.020053 -0.002021 -0.004824 800.000000 0.002000 0.090000 0.010000 0.000100 0.000000 0.000000
0.023355 0.023388 -0.002350 -0.004824 933.333313 0.002000 0.090000 0.010000 0.000100 0.000000 0.000000
0.026690 0.026723 -0.002678 -0.004824 1066.666626 0.002000 0.090000 0.010000 0.000100 0.000000 0.000000
0.030025 0.030058 -0.003003 -0.004824 1200.000000 0.002000 0.090000 0.010000 0.000100 0.000000 0.000000
0.033360 0.033393 -0.003327 -0.004824 1333.333374 0.002000 0.090000 0.010000 0.000100 0.000000 0.000000
0.036695 0.036728 -0.003649 -0.004824 1466.666626 0.002000 0.090000 0.010000 0.000100 0.000000 0.000000
0.040030 0.040063 -0.003970 -0.004824 1600.000000 0.002000 0.090000 0.010000 0.000100 0.000000 0.000000
0.043365 0.043398 -0.004289 -0.004824 1733.333374 0.002000 0.090000 0.010000 0.000100 0.000000 0.000000
0.046700 0.046733 -0.004607 -0.004824 1866.666626 0.002000 0.090000 0.010000 0.000100 0.000000 0.000000
0.050035 0.050068 -0.004923 -0.004824 2000.000000 0.002000 0.090000 0.010000 0.000100 0.000000 0.000000
0.053370 0.053403 -0.005238 -0.004824 2133.333252 0.002000 0.090000 0.010000 0.000100 0.000000 0.000000
0.056705 0.056738 -0.005551 -0.004824 2266.666748 0.002000 0.090000 0.010000 0.000100 0.000000 0.000000
0.060040 0.060073 -0.005863 -0.004824 2400.000000 0.002000 0.090000 0.010000 0.000100 0.000000 0.000000
0.063375 0.063408 -0.006174 -0.004824 2533.333252 0.002000 0.090000 0.010000 0.000100 0.000000 0.000000
0.066710 0.066743 -0.006484 -0.004824 2666.666748 0.002000 0.090000 0.010000 0.000100 0.000000 0.000000
0.070045 0.070078 -0.006792 -0.004824 2800.000000 0.002000 0.090000 0.010000 0.000100 0.000000 0.000000
0.073380 0.073413 -0.007099 -0.004824 2933.333252 0.002000 0.090000 0.010000 0.000100 0.000000 0.000000
0.076715 0.076748 -0.007405 -0.004824 3066.666748 0.002000 0.090000 0.010000 0.000100 0.000000 0.000000
0.080050 0.080083 -0.007710 -0.004824 3200.000000 0.002000 0.090000 0.010000 0.000100 0.000000 0.000000
0.083385 0.083418 -0.008014 -0.004824 3333.333252 0.002000 0.090000 0.010000 0.000100 0.000000 0.000000
0.086720 0.086753 -0.008317 -0.004824 3466.666748 0.002000 0.090000 0.010000 0.000100 0.000000 0.000000
0.090055 0.090088 -0.008619 -0.004824 3600.000000 0.002000 0.090000 0.010000 0.000100 0.000000 0.000000
0.093390 0.093423 -0.008920 -0.004824 3733.333252 0.002000 0.090000 0.010000 0.000100 0.000000 0.000000
0.096725 0.096758 -0.009220 -0.004824 3866.666748 0.002000 0.090000 0.010000 0.000100 0.000000 0.000000
0.100060 0.100093 -0.009519 -0.004824 4000.000000 0.002000 0.090000 0.010000 0.000100 0.000000 0.000000
0.103395 0.103428 -0.009818 -0.004824 4133.333496 0.002000 0.090000 0.010000 0.000100 0.000000 0.000000
0.106730 0.106763 -0.010115 -0.004824 4266.666504 0.002000 0.090000 0.010000 0.000100 0.000000 0.000000
0.110065 0.110098 -0.010412 -0.004824 4400.000000 0.002000 0.090000 0.010000 0.000100 0.000000 0.000000
0.113400 0.113433 -0.010708 -0.004824 4533.333496 0.002000 0.090000 0.010000 0.000100 0.000000 0.000000
0.116735 0.116768 -0.011003 -0.004824 4666.666504 0.002000 0.090000 0.010000 0.000100 0.000000 0.000000
0.120070 0.120103 -0.011298 -0.004824 4800.000000 0.002000 0.090000 0.010000 0.000100 0.000000 0.000000
0.123405 0.123438 -0.011592 -0.004824 4933.333496 0.002000 0.090000 0.010000 0.000100 0.000000 0.000000
0.126740 0.126773 -0.011885 -0.004824 5066.666504 0.002000 0.090000 0.010000 0.000100 0.000000 0.000000
0.130075 0.130108 -0.012177 -0.004824 5200.000000 0.002000 0.090000 0.010000 0.000100 0.000000 0.000000
0.133410 0.133443 -0.012469 -0.004824 5333.333496 0.002000 0.090000 0.010000 0.000100 0.000000 0.000000
0.136745 0.136778 -0.012761 -0.004824 5466.666504 0.002000 0.090000 0.010000 0.000100 0.000000 0.000000
0.140080 0.140113 -0.013051 -0.004824 5600.000000 0.002000 0.090000 0.010000 0.000100 0.000000 0.000000
0.143415 0.143448 -0.013342 -0.004824 5733.333496 0.002000 0.090000 0.010000 0.000100 0.000000 0.000000
0.146750 0.146783 -0.013631 -0.004824 5866.666504 0.002000 0.090000 0.010000 0.000100 0.000000 0.000000
0.150085 0.150118 -0.013921 -0.004824 6000.000000 0.002000 0.090000 0.010000 0.000100 0.000000 0.000000
0.153420 0.153453 -0.014210 -0.004824 6133.333496 0.002000 0.090000 0.010000 0.000100 0.000000 0.000000
0.156755 0.156788 -0.014498 -0.004824 6266.666504 0.002000 0.090000 0.010000 0.000100 0.000000 0.000000
0.160090 0.160123 -0.014786 -0.004824 6400.000000 0.002000 0.090000 0.010000 0.000100 0.000000 0.000000
0.163425 0.163458 -0.015073 -0.004824 6533.333496 0.002000 0.090000 0.010000 0.000100 0.000000 0.000000
0.166760 0.166793 -0.015361 -0.004824 6666.666504 0.002000 0.090000 0.010000 0.000100 0.000000 0.000000
0.170095 0.170128 -0.015648 -0.004824 6800.000000 0.002000 0.090000 0.010000 0.000100 0.000000 0.000000
0.173430 0.173463 -0.015934 -0.004824 6933.333496 0.002000 0.090000 0.010000 0.000100 0.000000 0.000000
0.176765 0.176798 -0.016220 -0.004824 7066.666504 0.002000 0.090000 0.010000 0.000100 0.000000 0.000000
0.180100 0.180133 -0.016506 -0.004824 7200.000000 0.002000 0.090000 0.010000 0.000100 0.000000 0.000000
0.183435 0.183468 -0.016792 -0.004824 7333.333496 0.002000 0.090000 0.010000 0.000100 0.000000 0.000000
0.186770 0.186803 -0.017077 -0.004824 7466.666504 0.002000 0.090000 0.010000 0.000100 0.000000 0.000000
0.190105 0.190138 -0.017362 -0.004824 7600.000000 0.002000 0.090000 0.010000 0.000100 0.000000 0.000000
0.193440 0.193473 -0.017647 -0.004824 7733.333496 0.002000 0.090000 0.010000 0.000100 0.000000 0.000000
0.196775 0.196808 -0.017932 -0.004824 7866.666504 0.002000 0.090000 0.010000 0.000100 0.000000 0.000000
0.200110 0.200143 -0.018216 -0.004824 8000.000000 0.002000 0.090000 0.010000 0.000100 0.000000 0.000000
0.203445 0.203478 -0.018501 -0.004824 8133.333496 0.002000 0.090000 0.010000 0.000100 0.000000 0.000000
0.206780 0.206813 -0.018785 -0.004824 8266.666992 0.002000 0.090000 0.010000 0.000100 0.000000 0.000000
0.210115 0.210148 -0.019069 -0.004824 8400.000000 0.002000 0.090000 0.010000 0.000100 0.000000 0.000000
0.213450 0.213483 -0.019353 -0.004824 8533.333008 0.002000 0.090000 0.010000 0.000100 0.000000 0.000000
0.216785 0.216818 -0.019637 -0.004824 8666.666992 0.002000 0.090000 0.010000 0.000100 0.000000 0.000000
0.220120 0.220153 -0.019921 -0.004824 8800.000000 0.002000 0.090000 0.010000 0.000100 0.000000 0.000000
0.223455 0.223488 -0.020205 -0.004824 8933.333008 0.002000 0.090000 0.010000 0.000100 0.000000 0.000000
0.226790 0.226823 -0.020489 -0.004824 9066.666992 0.002000 0.090000 0.010000 0.000100 0.000000 0.000000
0.230125 0.230158 -0.020773 -0.004824 9200.000000 0.002000 0.090000 0.010000 0.000100 0.000000 0.000000
0.233460 0.233493 -0.021056 -0.004824 9333.333008 0.002000 0.090000 0.010000 0.000100 0.000000 0.000000
0.236795 0.236828 -0.021340 -0.004824 9466.666992 0.002000 0.090000 0.010000 0.000100 0.000000 0.000000
0.240130 0.240163 -0.021624 -0.004824 9600.000000 0.002000 0.090000 0.010000 0.000100 0.000000 0.000000
0.243465 0.243498 -0.021908 -0.004824 9733.333008 0.002000 0.090000 0.010000 0.000100 0.000000 0.000000
0.246800 0.246833 -0.022192 -0.004824 9866.666992 0.002000 0.090000 0.010000 0.000100 0.000000 0.000000
0.250135 0.250168 -0.022476 -0.004824 10000.000000 0.002000 0.090000 0.010000 0.000100 0.000000 0.000000
0.253470 0.253503 -0.022760 -0.004824 10133.333008 0.002000 0.090000 0.010000 0.000100 0.000000 0.000000
0.256805 0.256838 -0.023045 -0.004824 10266.666992 0.002000 0.090000 0.010000 0.000100 0.000000 0.000000
0.260140 0.260173 -0.023329 -0.004824 10400.000000 0.002000 0.090000 0.010000 0.000100 0.000000 0.000000
0.263475 0.263508 -0.023614 -0.004824 10533.333008 0.002000 0.090000 0.010000 0.000100 0.000000 0.000000
0.266810 0.266843 -0.023898 -0.004824 10666.666992 0.002000 0.090000 0.010000 0.000100 0.000000 0.000000
0.270145 0.270178 -0.024183 -0.004824 10800.000000 0.002000 0.090000 0.010000 0.000100 0.000000 0.000000
0.273480 0.273513 -0.024468 -0.004824 10933.333008 0.002000 0.090000 0.010000 0.000100 0.000000 0.000000
0.276815 0.276848 -0.024754 -0.004824 11066.666992 0.002000 0.090000 0.010000 0.000100 0.000000 0.000000
0.280150 0.280183 -0.025040 -0.004824 11200.000000 0.002000 0.090000 0.010000 0.000100 0.000000 0.000000
0.283485 0.283518 -0.025325 -0.004824 11333.333008 0.002000 0.090000 0.010000 0.000100 0.000000 0.000000
0.286820 0.286853 -0.025612 -0.004824 11466.666992 0.002000 0.090000 0.010000 0.000100 0.000000 0.000000
0.290155 0.290188 -0.025898 -0.004824 11600.000000 0.002000 0.090000 0.010000 0.000100 0.000000 0.000000
0.293490 0.293523 -0.026185 -0.004824 11733.333008 0.002000 0.090000 0.010000 0.000100 0.000000 0.000000
0.296825 0.296858 -0.026472 -0.004824 11866.666992 0.002000 0.090000 0.010000 0.000100 0.000000 0.000000
0.300160 0.300193 -0.026759 -0.004824 12000.000000 0.002000 0.090000 0.010000 0.000100 0.000000 0.000000
0.303495 0.303528 -0.027047 -0.004824 12133.333008 0.002000 0.090000 0.010000 0.000100 0.000000 0.000000
0.306830 0.306863 -0.027335 -0.004824 12266.666992 0.002000 0.090000 0.010000 0.000100 0.000000 0.000000
0.310165 0.310198 -0.027624 -0.004824 12400.000000 0.002000 0.090000 0.010000 0.000100 0.000000 0.000000
0.313500 0.313533 -0.027913 -0.004824 12533.333008 0.002000 0.090000 0.010000 0.000100 0.000000 0.000000
0.316835 0.316868 -0.028202 -0.004824 12666.666992 0.002000 0.090000 0.010000 0.000100 0.000000 0.000000
0.320170 0.320203 -0.028492 -0.004824 12800.000000 0.002000 0.090000 0.010000 0.000100 0.000000 0.000000
0.323505 0.323538 -0.028782 -0.004824 12933.333008 0.002000 0.090000 0.010000 0.000100 0.000000 0.000000
0.326840 0.326873 -0.029073 -0.004824 13066.666992 0.002000 0.090000 0.010000 0.000100 0.000000 0.000000
0.330175 0.330208 -0.029364 -0.004824 13200.000000 0.002000 0.090000 0.010000 0.000100 0.000000 0.000000
0.333510 0.333543 -0.029655 -0.004824 13333.333008 0.002000 0.090000 0.010000 0.000100 0.000000 0.000000
0.336845 0.336878 -0.029948 -0.004824 13466.666992 0.002000 0.090000 0.010000 0.000100 0.000000 0.000000
0.340180 0.340213 -0.030240 -0.004824 13600.000000 0.002000 0.090000 0.010000 0.000100 0.000000 0.000000
0.343515 0.343548 -0.030534 -0.004824 13733.333008 0.002000 0.090000 0.010000 0.000100 0.000000 0.000000
0.346850 0.346883 -0.030828 -0.004824 13866.666992 0.002000 0.090000 0.010000 0.000100 0.000000 0.000000
0.350185 0.350218 -0.031122 -0.004824 14000.000000 0.002000 0.090000 0.010000 0.000100 0.000000 0.000000
0.353520 0.353553 -0.031417 -0.004824 14133.333008 0.002000 0.090000 0.010000 0.000100 0.000000 0.000000
0.356855 0.356888 -0.031713 -0.004824 14266.666992 0.002000 0.090000 0.010000 0.000100 0.000000 0.000000
0.360190 0.360223 -0.032009 -0.004824 14400.000000 0.002000 0.090000 0.010000 0.000100 0.000000 0.000000
0.363525 0.363558 -0.032306 -0.004824 14533.333008 0.002000 0.090000 0.010000 0.000100 0.000000 0.000000
0.366860 0.366893 -0.032604 -0.004824 14666.666992 0.002000 0.090000 0.010000 0.000100 0.000000 0.000000
0.370195 0.370228 -0.032902 -0.004824 14800.000000 0.002000 0.090000 0.010000 0.000100 0.000000 0.000000
0.373530 0.373563 -0.033201 -0.004824 14933.333008 0.002000 0.090000 0.010000 0.000100 0.000000 0.000000
0.376865 0.376898 -0.033501 -0.004824 15066.666992 0.002000 0.090000 0.010000 0.000100 0.000000 0.000000
0.380200 0.380233 -0.033802 -0.004824 15200.000000 0.002000 0.090000 0.010000 0.000100 0.000000 0.000000
0.383535 0.383568 -0.034103 -0.004824 15333.333008 0.002000 0.090000 0.010000 0.000100 0.000000 0.000000
0.386870 0.386903 -0.034405 -0.004824 15466.666992 0.002000 0.090000 0.010000 0.000100 0.000000 0.000000
0.390205 0.390238 -0.034708 -0.004824 15600.000000 0.002000 0.090000 0.010000 0.000100 0.000000 0.000000
0.393540 0.393573 -0.035012 -0.004824 15733.333008 0.002000 0.090000 0.010000 0.000100 0.000000 0.000000
0.396875 0.396908 -0.035317 -0.004824 15866.666992 0.002000 0.090000 0.010000 0.000100 0.000000 0.000000
0.400210 0.400243 -0.035622 -0.004824 16000.000000 0.002000 0.090000 0.010000 0.000100 0.000000 0.000000
0.403545 0.403578 -0.035929 -0.004824 16133.333008 0.002000 0.090000 0.010000 0.000100 0.000000 0.000000
0.406880 0.406913 -0.036236 -0.004824 16266.666992 0.002000 0.090000 0.010000 0.000100 0.000000 0.000000
0.410215 0.410248 -0.036544 -0.004824 16400.000000 0.002000 0.090000 0.010000 0.000100 0.000000 0.000000
0.413550 0.413583 -0.036853 -0.004824 16533.333984 0.002000 0.090000 0.010000 0.000100 0.000000 0.000000
0.416885 0.416918 -0.037163 -0.004824 16666.666016 0.002000 0.090000 0.010000 0.000100 0.000000 0.000000
0.420220 0.420253 -0.037474 -0.004824 16800.000000 0.002000 0.090000 0.010000 0.000100 0.000000 0.000000
0.423555 0.423588 -0.037787 -0.004824 16933.333984 0.002000 0.090000 0.010000 0.000100 0.000000 0.000000
0.426890 0.426923 -0.038100 -0.004824 17066.666016 0.002000 0.090000 0.010000 0.000100 0.000000 0.000000
0.430225 0.430259 -0.038414 -0.004824 17200.000000 0.002000 0.090000 0.010000 0.000100 0.000000 0.000000
0.433560 0.433594 -0.038729 -0.004824 17333.333984 0.002000 0.090000 0.010000 0.000100 0.000000 0.000000
0.436895 0.436929 -0.039046 -0.004824 17466.666016 0.002000 0.090000 0.010000 0.000100 0.000000 0.000000
0.440230 0.440264 -0.039363 -0.004824 17600.000000 0.002000 0.090000 0.010000 0.000100 0.000000 0.000000
0.443565 0.443599 -0.039682 -0.004824 17733.333984 0.002000 0.090000 0.010000 0.000100 0.000000 0.000000
0.446900 0.446934 -0.040002 -0.004824 17866.666016 0.002000 0.090000 0.010000 0.000100 0.000000 0.000000
0.450235 0.450269 -0.040323 -0.004824 18000.000000 0.002000 0.090000 0.010000 0.000100 0.000000 0.000000
0.453570 0.453604 -0.040645 -0.004824 18133.333984 0.002000 0.090000 0.010000 0.000100 0.000000 0.000000
0.456905 0.456939 -0.040968 -0.004824 18266.666016 0.002000 0.090000 0.010000 0.000100 0.000000 0.000000
0.460240 0.460274 -0.041293 -0.004824 18400.000000 0.002000 0.090000 0.010000 0.000100 0.000000 0.000000
0.463575 0.463609 -0.041619 -0.004824 18533.333984 0.002000 0.090000 0.010000 0.000100 0.000000 0.000000
0.466910 0.466944 -0.041946 -0.004824 18666.666016 0.002000 0.090000 0.010000 0.000100 0.000000 0.000000
0.470245 0.470279 -0.042275 -0.004824 18800.000000 0.002000 0.090000 0.010000 0.000100 0.000000 0.000000
0.473580 0.473614 -0.042605 -0.004824 18933.333984 0.002000 0.090000 0.010000 0.000100 0.000000 0.000000
0.476915 0.476949 -0.042936 -0.004824 19066.666016 0.002000 0.090000 0.010000 0.000100 0.000000 0.000000
0.480250 0.480284 -0.043269 -0.004824 19200.000000 0.002000 0.090000 0.010000 0.000100 0.000000 0.000000
0.483585 0.483619 -0.043603 -0.004824 19333.333984 0.002000 0.090000 0.010000 0.000100 0.000000 0.000000
0.486920 0.486954 -0.043939 -0.004824 19466.666016 0.002000 0.090000 0.010000 0.000100 0.000000 0.000000
0.490255 0.490289 -0.044276 -0.004824 19600.000000 0.002000 0.090000 0.010000 0.000100 0.000000 0.000000
0.493590 0.493624 -0.044615 -0.004824 19733.333984 0.002000 0.090000 0.010000 0.000100 0.000000 0.000000
0.496925 0.496959 -0.044955 -0.004824 19866.666016 0.002000 0.090000 0.010000 0.000100 0.000000 0.000000
0.500260 0.500294 -0.045297 -0.004824 20000.000000 0.002000 0.090000 0.010000 0.000100 0.000000 0.000000
0.503595 0.503629 -0.045641 -0.004824 20133.333984 0.002000 0.090000 0.010000 0.000100 0.000000 0.000000
0.506930 0.506964 -0.045986 -0.004824 20266.666016 0.002000 0.090000 0.010000 0.000100 0.000000 0.000000
0.510265 0.510299 -0.046333 -0.004824 20400.000000 0.002000 0.090000 0.010000 0.000100 0.000000 0.000000
0.513600 0.513634 -0.046681 -0.004824 20533.333984 0.002000 0.090000 0.010000 0.000100 0.000000 0.000000
0.516935 0.516969 -0.047032 -0.004824 20666.666016 0.002000 0.090000 0.010000 0.000100 0.000000 0.000000
0.520270 0.520304 -0.047384 -0.004824 20800.000000 0.002000 0.090000 0.010000 0.000100 0.000000 0.000000
0.523605 0.523639 -0.047738 -0.004824 20933.333984 0.002000 0.090000 0.010000 0.000100 0.000000 0.000000
0.526940 0.526974 -0.048093 -0.004824 21066.666016 0.002000 0.090000 0.010000 0.000100 0.000000 0.000000
0.530275 0.530309 -0.048451 -0.004824 21200.000000 0.002000 0.090000 0.010000 0.000100 0.000000 0.000000
0.533610 0.533644 -0.048811 -0.004824 21333.333984 0.002000 0.090000 0.010000 0.000100 0.000000 0.000000
0.536945 0.536979 -0.049172 -0.004824 21466.666016 0.002000 0.090000 0.010000 0.000100 0.000000 0.000000
0.540280 0.540314 -0.049536 -0.004824 21600.000000 0.002000 0.090000 0.010000 0.000100 0.000000 0.000000
0.543615 0.543649 -0.049901 -0.004824 21733.333984 0.002000 0.090000 0.010000 0.000100 0.000000 0.000000
0.546950 0.546984 -0.050269 -0.004824 21866.666016 0.002000 0.090000 0.010000 0.000100 0.000000 0.000000
0.550285 0.550319 -0.050638 -0.004824 22000.000000 0.002000 0.090000 0.010000 0.000100 0.000000 0.000000
0.553620 0.553654 -0.051010 -0.004824 22133.333984 0.002000 0.090000 0.010000 0.000100 0.000000 0.000000
0.556955 0.556989 -0.051384 -0.004824 22266.666016 0.002000 0.090000 0.010000 0.000100 0.000000 0.000000
0.560290 0.560324 -0.051761 -0.004824 22400.000000 0.002000 0.090000 0.010000 0.000100 0.000000 0.000000
0.563625 0.563659 -0.052139 -0.004824 22533.333984 0.002000 0.090000 0.010000 0.000100 0.000000 0.000000
0.566960 0.566994 -0.052520 -0.004824 22666.666016 0.002000 0.090000 0.010000 0.000100 0.000000 0.000000
0.570295 0.570329 -0.052903 -0.004824 22800.000000 0.002000 0.090000 0.010000 0.000100 0.000000 0.000000
0.573630 0.573664 -0.053289 -0.004824 22933.333984 0.002000 0.090000 0.010000 0.000100 0.000000 0.000000
0.576965 0.576999 -0.053677 -0.004824 23066.666016 0.002000 0.090000 0.010000 0.000100 0.000000 0.000000
0.580300 0.580334 -0.054068 -0.004824 23200.000000 0.002000 0.090000 0.010000 0.000100 0.000000 0.000000
0.583635 0.583669 -0.054461 -0.004824 23333.333984 0.002000 0.090000 0.010000 0.000100 0.000000 0.000000
0.586970 0.587004 -0.054856 -0.004824 23466.666016 0.002000 0.090000 0.010000 0.000100 0.000000 0.000000
0.590305 0.590339 -0.055255 -0.004824 23600.000000 0.002000 0.090000 0.010000 0.000100 0.000000 0.000000
0.593640 0.593674 -0.055656 -0.004824 23733.333984 0.002000 0.090000 0.010000 0.000100 0.000000 0.000000
0.596975 0.597009 -0.056060 -0.004824 23866.666016 0.002000 0.090000 0.010000 0.000100 0.000000 0.000000
0.600310 0.600344 -0.056466 -0.004824 24000.000000 0.002000 0.090000 0.010000 0.000100 0.000000 0.000000
0.603645 0.603679 -0.056876 -0.004824 24133.333984 0.002000 0.090000 0.010000 0.000100 0.000000 0.000000
0.606980 0.607014 -0.057289 -0.004824 24266.666016 0.002000 0.090000 0.010000 0.000100 0.000000 0.000000
0.610315 0.610349 -0.057704 -0.004824 24400.000000 0.002000 0.090000 0.010000 0.000100 0.000000 0.000000
0.613650 0.613684 -0.058123 -0.004824 24533.333984 0.002000 0.090000 0.010000 0.000100 0.000000 0.000000
0.616985 0.617019 -0.058544 -0.004824 24666.666016 0.002000 0.090000 0.010000 0.000100 0.000000 0.000000
0.620320 0.620354 -0.058969 -0.004824 24800.000000 0.002000 0.090000 0.010000 0.000100 0.000000 0.000000
0.623655 0.623689 -0.059397 -0.004824 24933.333984 0.002000 0.090000 0.010000 0.000100 0.000000 0.000000
0.626990 0.627024 -0.059829 -0.004824 25066.666016 0.002000 0.090000 0.010000 0.000100 0.000000 0.000000
0.630325 0.630359 -0.060263 -0.004824 25200.000000 0.002000 0.090000 0.010000 0.000100 0.000000 0.000000
0.633660 0.633694 -0.060702 -0.004824 25333.333984 0.002000 0.090000 0.010000 0.000100 0.000000 0.000000
0.636995 0.637029 -0.061143 -0.004824 25466.666016 0.002000 0.090000 0.010000 0.000100 0.000000 0.000000
0.640330 0.640364 -0.061589 -0.004824 25600.000000 0.002000 0.090000 0.010000 0.000100 0.000000 0.000000
0.643665 0.643699 -0.062038 -0.004824 25733.333984 0.002000 0.090000 0.010000 0.000100 0.000000 0.000000
0.647000 0.647034 -0.062491 -0.004824 25866.666016 0.002000 0.090000 0.010000 0.000100 0.000000 0.000000
0.650335 0.650369 -0.062947 -0.004824 26000.000000 0.002000 0.090000 0.010000 0.000100 0.000000 0.000000
0.653670 0.653704 -0.063408 -0.004824 26133.333984 0.002000 0.090000 0.010000 0.000100 0.000000 0.000000
0.657005 0.657039 -0.063872 -0.004824 26266.666016 0.002000 0.090000 0.010000 0.000100 0.000000 0.000000
0.660340 0.660374 -0.064341 -0.004824 26400.000000 0.002000 0.090000 0.010000 0.000100 0.000000 0.000000
0.663675 0.663709 -0.064814 -0.004824 26533.333984 0.002000 0.090000 0.010000 0.000100 0.000000 0.000000
0.667010 0.667044 -0.065291 -0.004824 26666.666016 0.002000 0.090000 0.010000 0.000100 0.000000 0.000000
0.670345 0.670379 -0.065773 -0.004824 26800.000000 0.002000 0.090000 0.010000 0.000100 0.000000 0.000000
0.673680 0.673714 -0.066259 -0.004824 26933.333984 0.002000 0.090000 0.010000 0.000100 0.000000 0.000000
0.677015 0.677049 -0.066749 -0.004824 27066.666016 0.002000 0.090000 0.010000 0.000100 0.000000 0.000000
0.680350 0.680384 -0.067245 -0.004824 27200.000000 0.002000 0.090000 0.010000 0.000100 0.000000 0.000000
0.683685 0.683719 -0.067745 -0.004824 27333.333984 0.002000 0.090000 0.010000 0.000100 0.000000 0.000000
0.687020 0.687054 -0.068250 -0.004824 27466.666016 0.002000 0.090000 0.010000 0.000100 0.000000 0.000000
0.690355 0.690389 -0.068760 -0.004824 27600.000000 0.002000 0.090000 0.010000 0.000100 0.000000 0.000000
0.693690 0.693724 -0.069275 -0.004824 27733.333984 0.002000 0.090000 0.010000 0.000100 0.000000 0.000000
0.697025 0.697059 -0.069796 -0.004824 27866.666016 0.002000 0.090000 0.010000 0.000100 0.000000 0.000000
0.700360 0.700394 -0.070322 -0.004824 28000.000000 0.002000 0.090000 0.010000 0.000100 0.000000 0.000000
0.703695 0.703729 -0.070853 -0.004824 28133.333984 0.002000 0.090000 0.010000 0.000100 0.000000 0.000000
0.707030 0.707064 -0.071391 -0.004824 28266.666016 0.002000 0.090000 0.010000 0.000100 0.000000 0.000000
0.710365 0.710399 -0.071934 -0.004824 28400.000000 0.002000 0.090000 0.010000 0.000100 0.000000 0.000000
0.713700 0.713734 -0.072483 -0.004824 28533.333984 0.002000 0.090000 0.010000 0.000100 0.000000 0.000000
0.717035 0.717069 -0.073038 -0.004824 28666.666016 0.002000 0.090000 0.010000 0.000100 0.000000 0.000000
0.720370 0.720404 -0.073599 -0.004824 28800.000000 0.002000 0.090000 0.010000 0.000100 0.000000 0.000000
0.723705 0.723739 -0.074167 -0.004824 28933.333984 0.002000 0.090000 0.010000 0.000100 0.000000 0.000000
0.727040 0.727074 -0.074742 -0.004824 29066.666016 0.002000 0.090000 0.010000 0.000100 0.000000 0.000000
0.730375 0.730409 -0.075323 -0.004824 29200.000000 0.002000 0.090000 0.010000 0.000100 0.000000 0.000000
0.733710 0.733744 -0.075912 -0.004824 29333.333984 0.002000 0.090000 0.010000 0.000100 0.000000 0.000000
0.737045 0.737079 -0.076507 -0.004824 29466.666016 0.002000 0.090000 0.010000 0.000100 0.000000 0.000000
0.740380 0.740414 -0.077110 -0.004824 29600.000000 0.002000 0.090000 0.010000 0.000100 0.000000 0.000000
0.743715 0.743749 -0.077721 -0.004824 29733.333984 0.002000 0.090000 0.010000 0.000100 0.000000 0.000000
0.747050 0.747084 -0.078339 -0.004824 29866.666016 0.002000 0.090000 0.010000 0.000100 0.000000 0.000000
0.750385 0.750419 -0.078965 -0.004824 30000.000000 0.002000 0.090000 0.010000 0.000100 0.000000 0.000000
0.753720 0.753754 -0.079600 -0.004824 30133.333984 0.002000 0.090000 0.010000 0.000100 0.000000 0.000000
0.757055 0.757089 -0.080243 -0.004824 30266.666016 0.002000 0.090000 0.010000 0.000100 0.000000 0.000000
0.760390 0.760424 -0.080895 -0.004824 30400.000000 0.002000 0.090000 0.010000 0.000100 0.000000 0.000000
0.763725 0.763759 -0.081556 -0.004824 30533.333984 0.002000 0.090000 0.010000 0.000100 0.000000 0.000000
0.767060 0.767094 -0.082226 -0.004824 30666.666016 0.002000 0.090000 0.010000 0.000100 0.000000 0.000000
0.770395 0.770429 -0.082906 -0.004824 30800.000000 0.002000 0.090000 0.010000 0.000100 0.000000 0.000000
0.773730 0.773764 -0.083595 -0.004824 30933.333984 0.002000 0.090000 0.010000 0.000100 0.000000 0.000000
0.777065 0.777099 -0.084295 -0.004824 31066.666016 0.002000 0.090000 0.010000 0.000100 0.000000 0.000000
0.780400 0.780434 -0.085005 -0.004824 31200.000000 0.002000 0.090000 0.010000 0.000100 0.000000 0.000000
0.783735 0.783769 -0.085727 -0.004824 31333.333984 0.002000 0.090000 0.010000 0.000100 0.000000 0.000000
0.787070 0.787104 -0.086459 -0.004824 31466.666016 0.002000 0.090000 0.010000 0.000100 0.000000 0.000000
0.790405 0.790439 -0.087203 -0.004824 31600.000000 0.002000 0.090000 0.010000 0.000100 0.000000 0.000000
0.793740 0.793774 -0.087959 -0.004824 31733.333984 0.002000 0.090000 0.010000 0.000100 0.000000 0.000000
0.797075 0.797109 -0.088727 -0.004824 31866.666016 0.002000 0.090000 0.010000 0.000100 0.000000 0.000000
0.800410 0.800444 -0.089509 -0.004824 32000.000000 0.002000 0.090000 0.010000 0.000100 0.000000 0.000000
0.803745 0.803779 -0.090303 -0.004824 32133.333984 0.002000 0.090000 0.010000 0.000100 0.000000 0.000000
0.807080 0.807114 -0.091112 -0.004824 32266.666016 0.002000 0.090000 0.010000 0.000100 0.000000 0.000000
0.810415 0.810449 -0.091934 -0.004824 32400.000000 0.002000 0.090000 0.010000 0.000100 0.000000 0.000000
0.813751 0.813784 -0.092772 -0.004824 32533.333984 0.002000 0.090000 0.010000 0.000100 0.000000 0.000000
0.817086 0.817119 -0.093624 -0.004824 32666.666016 0.002000 0.090000 0.010000 0.000100 0.000000 0.000000
0.820421 0.820454 -0.094493 -0.004824 32800.000000 0.002000 0.090000 0.010000 0.000100 0.000000 0.000000
0.823756 0.823789 -0.095378 -0.004824 32933.332031 0.002000 0.090000 0.010000 0.000100 0.000000 0.000000
0.827091 0.827124 -0.096281 -0.004824 33066.667969 0.002000 0.090000 0.010000 0.000100 0.000000 0.000000
0.830426 0.830459 -0.097202 -0.004824 33200.000000 0.002000 0.090000 0.010000 0.000100 0.000000 0.000000
0.833760 0.833794 -0.098141 -0.004824 33333.332031 0.002000 0.090000 0.010000 0.000100 0.000000 0.000000
0.837095 0.837129 -0.099100 -0.004824 33466.667969 0.002000 0.090000 0.010000 0.000100 0.000000 0.000000
0.840430 0.840464 -0.100079 -0.004824 33600.000000 0.002000 0.090000 0.010000 0.000100 0.000000 0.000000
0.843765 0.843799 -0.101079 -0.004824 33733.332031 0.002000 0.090000 0.010000 0.000100 0.000000 0.000000
0.847100 0.847134 -0.102102 -0.004824 33866.667969 0.002000 0.090000 0.010000 0.000100 0.000000 0.000000
0.850435 0.850469 -0.103148 -0.004824 34000.000000 0.002000 0.090000 0.010000 0.000100 0.000000 0.000000
0.853770 0.853804 -0.104218 -0.004824 34133.332031 0.002000 0.090000 0.010000 0.000100 0.000000 0.000000
0.857105 0.857139 -0.105313 -0.004824 34266.667969 0.002000 0.090000 0.010000 0.000100 0.000000 0.000000
0.860440 0.860474 -0.106435 -0.004824 34400.000000 0.002000 0.090000 0.010000 0.000100 0.000000 0.000000
0.863776 0.863809 -0.107586 -0.004824 34533.332031 0.002000 0.090000 0.010000 0.000100 0.000000 0.000000
0.867111 0.867144 -0.108766 -0.004824 34666.667969 0.002000 0.090000 0.010000 0.000100 0.000000 0.000000
0.870446 0.870479 -0.109976 -0.004824 34800.000000 0.002000 0.090000 0.010000 0.000100 0.000000 0.000000
0.873781 0.873814 -0.111220 -0.004824 34933.332031 0.002000 0.090000 0.010000 0.000100 0.000000 0.000000
0.877116 0.877149 -0.112498 -0.004824 35066.667969 0.002000 0.090000 0.010000 0.000100 0.000000 0.000000
0.880451 0.880484 -0.113812 -0.004824 35200.000000 0.002000 0.090000 0.010000 0.000100 0.000000 0.000000
0.883786 0.883819 -0.115165 -0.004824 35333.332031 0.002000 0.090000 0.010000 0.000100 0.000000 0.000000
0.887121 0.887154 -0.116559 -0.004824 35466.667969 0.002000 0.090000 0.010000 0.000100 0.000000 0.000000
0.890456 0.890489 -0.117997 -0.004824 35600.000000 0.002000 0.090000 0.010000 0.000100 0.000000 0.000000
0.893791 0.893824 -0.119480 -0.004824 35733.332031 0.002000 0.090000 0.010000 0.000100 0.000000 0.000000
0.897126 0.897159 -0.121013 -0.004824 35866.667969 0.002000 0.090000 0.010000 0.000100 0.000000 0.000000
0.900461 0.900494 -0.122598 -0.004824 36000.000000 0.002000 0.090000 0.010000 0.000100 0.000000 0.000000
0.903796 0.903829 -0.124239 -0.004824 36133.332031 0.002000 0.090000 0.010000 0.000100 0.000000 0.000000
0.907131 0.907164 -0.125941 -0.004824 36266.667969 0.002000 0.090000 0.010000 0.000100 0.000000 0.000000
0.910466 0.910499 -0.127707 -0.004824 36400.000000 0.002000 0.090000 0.010000 0.000100 0.000000 0.000000
0.913801 0.913834 -0.129543 -0.004824 36533.332031 0.002000 0.090000 0.010000 0.000100 0.000000 0.000000
0.917136 0.917169 -0.131454 -0.004824 36666.667969 0.002000 0.090000 0.010000 0.000100 0.000000 0.000000
0.920471 0.920504 -0.133447 -0.004824 36800.000000 0.002000 0.090000 0.010000 0.000100 0.000000 0.000000
0.923806 0.923839 -0.135529 -0.004824 36933.332031 0.002000 0.090000 0.010000 0.000100 0.000000 0.000000
0.927141 0.927174 -0.137708 -0.004824 37066.667969 0.002000 0.090000 0.010000 0.000100 0.000000 0.000000
0.930476 0.930509 -0.139992 -0.004824 37200.000000 0.002000 0.090000 0.010000 0.000100 0.000000 0.000000
0.933811 0.933844 -0.142393 -0.004824 37333.332031 0.002000 0.090000 0.010000 0.000100 0.000000 0.000000
0.937146 0.937179 -0.144923 -0.004824 37466.667969 0.002000 0.090000 0.010000 0.000100 0.000000 0.000000
0.940481 0.940514 -0.147596 -0.004824 37600.000000 0.002000 0.090000 0.010000 0.000100 0.000000 0.000000
0.943208 0.943241 -0.149900 -0.004824 37709.039062 0.002000 0.090000 0.010000 0.000100 0.000000 0.000000
