tita titas E[V] ic ti d[cm] L lambda omega
0.000010 0.000010 0.177390 -0.000153 0.000000 0.632456 0.000009 1.000000 0.001000 0.000000 0.000000
0.003345 0.003678 0.130585 -0.000153 1333333.375000 0.632456 0.000009 1.000000 0.001000 0.000000 0.000000
0.006680 0.007013 0.117518 -0.000153 2666666.750000 0.632456 0.000009 1.000000 0.001000 0.000000 0.000000
0.010015 0.010348 0.109123 -0.000153 4000000.000000 0.632456 0.000009 1.000000 0.001000 0.000000 0.000000
0.013350 0.013683 0.102885 -0.000153 5333333.500000 0.632456 0.000009 1.000000 0.001000 0.000000 0.000000
0.016685 0.017018 0.097903 -0.000153 6666666.500000 0.632456 0.000009 1.000000 0.001000 0.000000 0.000000
0.020020 0.020353 0.093744 -0.000153 8000000.000000 0.632456 0.000009 1.000000 0.001000 0.000000 0.000000
0.023355 0.023688 0.090169 -0.000153 9333333.000000 0.632456 0.000009 1.000000 0.001000 0.000000 0.000000
0.026690 0.027023 0.087028 -0.000153 10666667.000000 0.632456 0.000009 1.000000 0.001000 0.000000 0.000000
0.030025 0.030358 0.084225 -0.000153 12000000.000000 0.632456 0.000009 1.000000 0.001000 0.000000 0.000000
0.033360 0.033693 0.081692 -0.000153 13333333.000000 0.632456 0.000009 1.000000 0.001000 0.000000 0.000000
0.036695 0.037028 0.079379 -0.000153 14666667.000000 0.632456 0.000009 1.000000 0.001000 0.000000 0.000000
0.040030 0.040363 0.077249 -0.000153 16000000.000000 0.632456 0.000009 1.000000 0.001000 0.000000 0.000000
0.043365 0.043698 0.075274 -0.000153 17333334.000000 0.632456 0.000009 1.000000 0.001000 0.000000 0.000000
0.046700 0.047033 0.073432 -0.000153 18666666.000000 0.632456 0.000009 1.000000 0.001000 0.000000 0.000000
0.050035 0.050368 0.071705 -0.000153 20000000.000000 0.632456 0.000009 1.000000 0.001000 0.000000 0.000000
0.053370 0.053703 0.070079 -0.000153 21333334.000000 0.632456 0.000009 1.000000 0.001000 0.000000 0.000000
0.056705 0.057038 0.068541 -0.000153 22666666.000000 0.632456 0.000009 1.000000 0.001000 0.000000 0.000000
0.060040 0.060373 0.067083 -0.000153 24000000.000000 0.632456 0.000009 1.000000 0.001000 0.000000 0.000000
0.063375 0.063708 0.065695 -0.000153 25333334.000000 0.632456 0.000009 1.000000 0.001000 0.000000 0.000000
0.066710 0.067043 0.064371 -0.000153 26666666.000000 0.632456 0.000009 1.000000 0.001000 0.000000 0.000000
0.070045 0.070378 0.063104 -0.000153 28000000.000000 0.632456 0.000009 1.000000 0.001000 0.000000 0.000000
0.073380 0.073713 0.061890 -0.000153 29333334.000000 0.632456 0.000009 1.000000 0.001000 0.000000 0.000000
0.076715 0.077048 0.060724 -0.000153 30666666.000000 0.632456 0.000009 1.000000 0.001000 0.000000 0.000000
0.080050 0.080383 0.059601 -0.000153 32000000.000000 0.632456 0.000009 1.000000 0.001000 0.000000 0.000000
0.083385 0.083718 0.058518 -0.000153 33333334.000000 0.632456 0.000009 1.000000 0.001000 0.000000 0.000000
0.086720 0.087053 0.057473 -0.000153 34666668.000000 0.632456 0.000009 1.000000 0.001000 0.000000 0.000000
0.090055 0.090388 0.056462 -0.000153 36000000.000000 0.632456 0.000009 1.000000 0.001000 0.000000 0.000000
0.093390 0.093723 0.055483 -0.000153 37333332.000000 0.632456 0.000009 1.000000 0.001000 0.000000 0.000000
0.096725 0.097058 0.054533 -0.000153 38666668.000000 0.632456 0.000009 1.000000 0.001000 0.000000 0.000000
0.100060 0.100393 0.053612 -0.000153 40000000.000000 0.632456 0.000009 1.000000 0.001000 0.000000 0.000000
0.103395 0.103728 0.052716 -0.000153 41333332.000000 0.632456 0.000009 1.000000 0.001000 0.000000 0.000000
0.106730 0.107063 0.051844 -0.000153 42666668.000000 0.632456 0.000009 1.000000 0.001000 0.000000 0.000000
0.110065 0.110398 0.050996 -0.000153 44000000.000000 0.632456 0.000009 1.000000 0.001000 0.000000 0.000000
0.113400 0.113733 0.050168 -0.000153 45333332.000000 0.632456 0.000009 1.000000 0.001000 0.000000 0.000000
0.116735 0.117068 0.049361 -0.000153 46666668.000000 0.632456 0.000009 1.000000 0.001000 0.000000 0.000000
0.120070 0.120403 0.048573 -0.000153 48000000.000000 0.632456 0.000009 1.000000 0.001000 0.000000 0.000000
0.123405 0.123738 0.047803 -0.000153 49333332.000000 0.632456 0.000009 1.000000 0.001000 0.000000 0.000000
0.126740 0.127073 0.047050 -0.000153 50666668.000000 0.632456 0.000009 1.000000 0.001000 0.000000 0.000000
0.130075 0.130408 0.046313 -0.000153 52000000.000000 0.632456 0.000009 1.000000 0.001000 0.000000 0.000000
0.133410 0.133743 0.045592 -0.000153 53333332.000000 0.632456 0.000009 1.000000 0.001000 0.000000 0.000000
0.136745 0.137078 0.044885 -0.000153 54666668.000000 0.632456 0.000009 1.000000 0.001000 0.000000 0.000000
0.140080 0.140413 0.044192 -0.000153 56000000.000000 0.632456 0.000009 1.000000 0.001000 0.000000 0.000000
0.143415 0.143748 0.043512 -0.000153 57333332.000000 0.632456 0.000009 1.000000 0.001000 0.000000 0.000000
0.146750 0.147083 0.042845 -0.000153 58666668.000000 0.632456 0.000009 1.000000 0.001000 0.000000 0.000000
0.150085 0.150418 0.042189 -0.000153 60000000.000000 0.632456 0.000009 1.000000 0.001000 0.000000 0.000000
0.153420 0.153753 0.041546 -0.000153 61333332.000000 0.632456 0.000009 1.000000 0.001000 0.000000 0.000000
0.156755 0.157088 0.040913 -0.000153 62666668.000000 0.632456 0.000009 1.000000 0.001000 0.000000 0.000000
0.160090 0.160423 0.040290 -0.000153 64000000.000000 0.632456 0.000009 1.000000 0.001000 0.000000 0.000000
0.163425 0.163758 0.039678 -0.000153 65333332.000000 0.632456 0.000009 1.000000 0.001000 0.000000 0.000000
0.166760 0.167093 0.039075 -0.000153 66666668.000000 0.632456 0.000009 1.000000 0.001000 0.000000 0.000000
0.170095 0.170428 0.038482 -0.000153 68000000.000000 0.632456 0.000009 1.000000 0.001000 0.000000 0.000000
0.173430 0.173763 0.037897 -0.000153 69333336.000000 0.632456 0.000009 1.000000 0.001000 0.000000 0.000000
0.176765 0.177098 0.037321 -0.000153 70666664.000000 0.632456 0.000009 1.000000 0.001000 0.000000 0.000000
0.180100 0.180433 0.036753 -0.000153 72000000.000000 0.632456 0.000009 1.000000 0.001000 0.000000 0.000000
0.183435 0.183768 0.036193 -0.000153 73333336.000000 0.632456 0.000009 1.000000 0.001000 0.000000 0.000000
0.186770 0.187103 0.035641 -0.000153 74666664.000000 0.632456 0.000009 1.000000 0.001000 0.000000 0.000000
0.190105 0.190438 0.035095 -0.000153 76000000.000000 0.632456 0.000009 1.000000 0.001000 0.000000 0.000000
0.193440 0.193773 0.034557 -0.000153 77333336.000000 0.632456 0.000009 1.000000 0.001000 0.000000 0.000000
0.196775 0.197108 0.034026 -0.000153 78666664.000000 0.632456 0.000009 1.000000 0.001000 0.000000 0.000000
0.200110 0.200443 0.033501 -0.000153 80000000.000000 0.632456 0.000009 1.000000 0.001000 0.000000 0.000000
0.203445 0.203778 0.032982 -0.000153 81333336.000000 0.632456 0.000009 1.000000 0.001000 0.000000 0.000000
0.206780 0.207113 0.032470 -0.000153 82666664.000000 0.632456 0.000009 1.000000 0.001000 0.000000 0.000000
0.210115 0.210448 0.031963 -0.000153 84000000.000000 0.632456 0.000009 1.000000 0.001000 0.000000 0.000000
0.213450 0.213783 0.031462 -0.000153 85333336.000000 0.632456 0.000009 1.000000 0.001000 0.000000 0.000000
0.216785 0.217118 0.030966 -0.000153 86666664.000000 0.632456 0.000009 1.000000 0.001000 0.000000 0.000000
0.220120 0.220453 0.030476 -0.000153 88000000.000000 0.632456 0.000009 1.000000 0.001000 0.000000 0.000000
0.223455 0.223788 0.029991 -0.000153 89333336.000000 0.632456 0.000009 1.000000 0.001000 0.000000 0.000000
0.226790 0.227123 0.029511 -0.000153 90666664.000000 0.632456 0.000009 1.000000 0.001000 0.000000 0.000000
0.230125 0.230458 0.029035 -0.000153 92000000.000000 0.632456 0.000009 1.000000 0.001000 0.000000 0.000000
0.233460 0.233793 0.028564 -0.000153 93333336.000000 0.632456 0.000009 1.000000 0.001000 0.000000 0.000000
0.236795 0.237128 0.028098 -0.000153 94666664.000000 0.632456 0.000009 1.000000 0.001000 0.000000 0.000000
0.240130 0.240463 0.027636 -0.000153 96000000.000000 0.632456 0.000009 1.000000 0.001000 0.000000 0.000000
0.243465 0.243798 0.027178 -0.000153 97333336.000000 0.632456 0.000009 1.000000 0.001000 0.000000 0.000000
0.246800 0.247133 0.026724 -0.000153 98666664.000000 0.632456 0.000009 1.000000 0.001000 0.000000 0.000000
0.250135 0.250468 0.026274 -0.000153 100000000.000000 0.632456 0.000009 1.000000 0.001000 0.000000 0.000000
0.253470 0.253803 0.025828 -0.000153 101333336.000000 0.632456 0.000009 1.000000 0.001000 0.000000 0.000000
0.256805 0.257138 0.025386 -0.000153 102666664.000000 0.632456 0.000009 1.000000 0.001000 0.000000 0.000000
0.260140 0.260473 0.024947 -0.000153 104000000.000000 0.632456 0.000009 1.000000 0.001000 0.000000 0.000000
0.263475 0.263808 0.024512 -0.000153 105333336.000000 0.632456 0.000009 1.000000 0.001000 0.000000 0.000000
0.266810 0.267143 0.024080 -0.000153 106666664.000000 0.632456 0.000009 1.000000 0.001000 0.000000 0.000000
0.270145 0.270478 0.023652 -0.000153 108000000.000000 0.632456 0.000009 1.000000 0.001000 0.000000 0.000000
0.273480 0.273813 0.023226 -0.000153 109333336.000000 0.632456 0.000009 1.000000 0.001000 0.000000 0.000000
0.276815 0.277148 0.022804 -0.000153 110666664.000000 0.632456 0.000009 1.000000 0.001000 0.000000 0.000000
0.280150 0.280483 0.022385 -0.000153 112000000.000000 0.632456 0.000009 1.000000 0.001000 0.000000 0.000000
0.283485 0.283818 0.021969 -0.000153 113333336.000000 0.632456 0.000009 1.000000 0.001000 0.000000 0.000000
0.286820 0.287153 0.021555 -0.000153 114666664.000000 0.632456 0.000009 1.000000 0.001000 0.000000 0.000000
0.290155 0.290488 0.021144 -0.000153 116000000.000000 0.632456 0.000009 1.000000 0.001000 0.000000 0.000000
0.293490 0.293823 0.020736 -0.000153 117333336.000000 0.632456 0.000009 1.000000 0.001000 0.000000 0.000000
0.296825 0.297158 0.020330 -0.000153 118666664.000000 0.632456 0.000009 1.000000 0.001000 0.000000 0.000000
0.300160 0.300493 0.019927 -0.000153 120000000.000000 0.632456 0.000009 1.000000 0.001000 0.000000 0.000000
0.303495 0.303828 0.019527 -0.000153 121333336.000000 0.632456 0.000009 1.000000 0.001000 0.000000 0.000000
0.306830 0.307163 0.019128 -0.000153 122666664.000000 0.632456 0.000009 1.000000 0.001000 0.000000 0.000000
0.310165 0.310498 0.018732 -0.000153 124000000.000000 0.632456 0.000009 1.000000 0.001000 0.000000 0.000000
0.313500 0.313833 0.018339 -0.000153 125333336.000000 0.632456 0.000009 1.000000 0.001000 0.000000 0.000000
0.316835 0.317168 0.017947 -0.000153 126666664.000000 0.632456 0.000009 1.000000 0.001000 0.000000 0.000000
0.320170 0.320503 0.017558 -0.000153 128000000.000000 0.632456 0.000009 1.000000 0.001000 0.000000 0.000000
0.323505 0.323838 0.017170 -0.000153 129333336.000000 0.632456 0.000009 1.000000 0.001000 0.000000 0.000000
0.326840 0.327173 0.016785 -0.000153 130666664.000000 0.632456 0.000009 1.000000 0.001000 0.000000 0.000000
0.330175 0.330508 0.016401 -0.000153 132000000.000000 0.632456 0.000009 1.000000 0.001000 0.000000 0.000000
0.333510 0.333843 0.016019 -0.000153 133333336.000000 0.632456 0.000009 1.000000 0.001000 0.000000 0.000000
0.336845 0.337178 0.015639 -0.000153 134666672.000000 0.632456 0.000009 1.000000 0.001000 0.000000 0.000000
0.340180 0.340513 0.015261 -0.000153 136000000.000000 0.632456 0.000009 1.000000 0.001000 0.000000 0.000000
0.343515 0.343848 0.014885 -0.000153 137333328.000000 0.632456 0.000009 1.000000 0.001000 0.000000 0.000000
0.346850 0.347183 0.014510 -0.000153 138666672.000000 0.632456 0.000009 1.000000 0.001000 0.000000 0.000000
0.350185 0.350518 0.014137 -0.000153 140000000.000000 0.632456 0.000009 1.000000 0.001000 0.000000 0.000000
0.353520 0.353853 0.013765 -0.000153 141333328.000000 0.632456 0.000009 1.000000 0.001000 0.000000 0.000000
0.356855 0.357188 0.013395 -0.000153 142666672.000000 0.632456 0.000009 1.000000 0.001000 0.000000 0.000000
0.360190 0.360523 0.013026 -0.000153 144000000.000000 0.632456 0.000009 1.000000 0.001000 0.000000 0.000000
0.363525 0.363858 0.012659 -0.000153 145333328.000000 0.632456 0.000009 1.000000 0.001000 0.000000 0.000000
0.366860 0.367193 0.012293 -0.000153 146666672.000000 0.632456 0.000009 1.000000 0.001000 0.000000 0.000000
0.370195 0.370528 0.011928 -0.000153 148000000.000000 0.632456 0.000009 1.000000 0.001000 0.000000 0.000000
0.373530 0.373863 0.011564 -0.000153 149333328.000000 0.632456 0.000009 1.000000 0.001000 0.000000 0.000000
0.376865 0.377198 0.011202 -0.000153 150666672.000000 0.632456 0.000009 1.000000 0.001000 0.000000 0.000000
0.380200 0.380533 0.010841 -0.000153 152000000.000000 0.632456 0.000009 1.000000 0.001000 0.000000 0.000000
0.383535 0.383868 0.010481 -0.000153 153333328.000000 0.632456 0.000009 1.000000 0.001000 0.000000 0.000000
0.386870 0.387203 0.010122 -0.000153 154666672.000000 0.632456 0.000009 1.000000 0.001000 0.000000 0.000000
0.390205 0.390538 0.009765 -0.000153 156000000.000000 0.632456 0.000009 1.000000 0.001000 0.000000 0.000000
0.393540 0.393873 0.009408 -0.000153 157333328.000000 0.632456 0.000009 1.000000 0.001000 0.000000 0.000000
0.396875 0.397208 0.009052 -0.000153 158666672.000000 0.632456 0.000009 1.000000 0.001000 0.000000 0.000000
0.400210 0.400543 0.008697 -0.000153 160000000.000000 0.632456 0.000009 1.000000 0.001000 0.000000 0.000000
0.403545 0.403878 0.008343 -0.000153 161333328.000000 0.632456 0.000009 1.000000 0.001000 0.000000 0.000000
0.406880 0.407213 0.007990 -0.000153 162666672.000000 0.632456 0.000009 1.000000 0.001000 0.000000 0.000000
0.410215 0.410548 0.007638 -0.000153 164000000.000000 0.632456 0.000009 1.000000 0.001000 0.000000 0.000000
0.413550 0.413883 0.007286 -0.000153 165333328.000000 0.632456 0.000009 1.000000 0.001000 0.000000 0.000000
0.416885 0.417218 0.006936 -0.000153 166666672.000000 0.632456 0.000009 1.000000 0.001000 0.000000 0.000000
0.420220 0.420553 0.006586 -0.000153 168000000.000000 0.632456 0.000009 1.000000 0.001000 0.000000 0.000000
0.423555 0.423888 0.006236 -0.000153 169333328.000000 0.632456 0.000009 1.000000 0.001000 0.000000 0.000000
0.426890 0.427223 0.005888 -0.000153 170666672.000000 0.632456 0.000009 1.000000 0.001000 0.000000 0.000000
0.430225 0.430558 0.005540 -0.000153 172000000.000000 0.632456 0.000009 1.000000 0.001000 0.000000 0.000000
0.433560 0.433893 0.005192 -0.000153 173333328.000000 0.632456 0.000009 1.000000 0.001000 0.000000 0.000000
0.436895 0.437228 0.004845 -0.000153 174666672.000000 0.632456 0.000009 1.000000 0.001000 0.000000 0.000000
0.440230 0.440563 0.004499 -0.000153 176000000.000000 0.632456 0.000009 1.000000 0.001000 0.000000 0.000000
0.443565 0.443898 0.004153 -0.000153 177333328.000000 0.632456 0.000009 1.000000 0.001000 0.000000 0.000000
0.446900 0.447233 0.003807 -0.000153 178666672.000000 0.632456 0.000009 1.000000 0.001000 0.000000 0.000000
0.450235 0.450568 0.003462 -0.000153 180000000.000000 0.632456 0.000009 1.000000 0.001000 0.000000 0.000000
0.453570 0.453903 0.003118 -0.000153 181333328.000000 0.632456 0.000009 1.000000 0.001000 0.000000 0.000000
0.456905 0.457238 0.002773 -0.000153 182666672.000000 0.632456 0.000009 1.000000 0.001000 0.000000 0.000000
0.460240 0.460573 0.002429 -0.000153 184000000.000000 0.632456 0.000009 1.000000 0.001000 0.000000 0.000000
0.463575 0.463908 0.002086 -0.000153 185333328.000000 0.632456 0.000009 1.000000 0.001000 0.000000 0.000000
0.466910 0.467243 0.001742 -0.000153 186666672.000000 0.632456 0.000009 1.000000 0.001000 0.000000 0.000000
0.470245 0.470578 0.001399 -0.000153 188000000.000000 0.632456 0.000009 1.000000 0.001000 0.000000 0.000000
0.473580 0.473913 0.001056 -0.000153 189333328.000000 0.632456 0.000009 1.000000 0.001000 0.000000 0.000000
0.476915 0.477248 0.000713 -0.000153 190666672.000000 0.632456 0.000009 1.000000 0.001000 0.000000 0.000000
0.480250 0.480583 0.000370 -0.000153 192000000.000000 0.632456 0.000009 1.000000 0.001000 0.000000 0.000000
0.483585 0.483918 0.000028 -0.000153 193333328.000000 0.632456 0.000009 1.000000 0.001000 0.000000 0.000000
0.486920 0.487253 -0.000315 -0.000153 194666672.000000 0.632456 0.000009 1.000000 0.001000 0.000000 0.000000
0.490255 0.490588 -0.000657 -0.000153 196000000.000000 0.632456 0.000009 1.000000 0.001000 0.000000 0.000000
0.493590 0.493923 -0.001000 -0.000153 197333328.000000 0.632456 0.000009 1.000000 0.001000 0.000000 0.000000
0.496925 0.497258 -0.001342 -0.000153 198666672.000000 0.632456 0.000009 1.000000 0.001000 0.000000 0.000000
0.500260 0.500593 -0.001685 -0.000153 200000000.000000 0.632456 0.000009 1.000000 0.001000 0.000000 0.000000
0.503595 0.503928 -0.002027 -0.000153 201333328.000000 0.632456 0.000009 1.000000 0.001000 0.000000 0.000000
0.506930 0.507263 -0.002370 -0.000153 202666672.000000 0.632456 0.000009 1.000000 0.001000 0.000000 0.000000
0.510265 0.510598 -0.002713 -0.000153 204000000.000000 0.632456 0.000009 1.000000 0.001000 0.000000 0.000000
0.513600 0.513933 -0.003056 -0.000153 205333328.000000 0.632456 0.000009 1.000000 0.001000 0.000000 0.000000
0.516935 0.517268 -0.003399 -0.000153 206666672.000000 0.632456 0.000009 1.000000 0.001000 0.000000 0.000000
0.520270 0.520603 -0.003743 -0.000153 208000000.000000 0.632456 0.000009 1.000000 0.001000 0.000000 0.000000
0.523605 0.523938 -0.004087 -0.000153 209333328.000000 0.632456 0.000009 1.000000 0.001000 0.000000 0.000000
0.526940 0.527273 -0.004431 -0.000153 210666672.000000 0.632456 0.000009 1.000000 0.001000 0.000000 0.000000
0.530275 0.530608 -0.004775 -0.000153 212000000.000000 0.632456 0.000009 1.000000 0.001000 0.000000 0.000000
0.533610 0.533943 -0.005120 -0.000153 213333328.000000 0.632456 0.000009 1.000000 0.001000 0.000000 0.000000
0.536945 0.537278 -0.005465 -0.000153 214666672.000000 0.632456 0.000009 1.000000 0.001000 0.000000 0.000000
0.540280 0.540613 -0.005810 -0.000153 216000000.000000 0.632456 0.000009 1.000000 0.001000 0.000000 0.000000
0.543615 0.543948 -0.006156 -0.000153 217333328.000000 0.632456 0.000009 1.000000 0.001000 0.000000 0.000000
0.546950 0.547283 -0.006503 -0.000153 218666672.000000 0.632456 0.000009 1.000000 0.001000 0.000000 0.000000
0.550285 0.550618 -0.006850 -0.000153 220000000.000000 0.632456 0.000009 1.000000 0.001000 0.000000 0.000000
0.553620 0.553953 -0.007197 -0.000153 221333328.000000 0.632456 0.000009 1.000000 0.001000 0.000000 0.000000
0.556955 0.557288 -0.007545 -0.000153 222666672.000000 0.632456 0.000009 1.000000 0.001000 0.000000 0.000000
0.560290 0.560623 -0.007894 -0.000153 224000000.000000 0.632456 0.000009 1.000000 0.001000 0.000000 0.000000
0.563625 0.563958 -0.008243 -0.000153 225333328.000000 0.632456 0.000009 1.000000 0.001000 0.000000 0.000000
0.566960 0.567293 -0.008593 -0.000153 226666672.000000 0.632456 0.000009 1.000000 0.001000 0.000000 0.000000
0.570295 0.570628 -0.008944 -0.000153 228000000.000000 0.632456 0.000009 1.000000 0.001000 0.000000 0.000000
0.573630 0.573963 -0.009296 -0.000153 229333328.000000 0.632456 0.000009 1.000000 0.001000 0.000000 0.000000
0.576965 0.577298 -0.009648 -0.000153 230666672.000000 0.632456 0.000009 1.000000 0.001000 0.000000 0.000000
0.580300 0.580633 -0.010001 -0.000153 232000000.000000 0.632456 0.000009 1.000000 0.001000 0.000000 0.000000
0.583635 0.583968 -0.010355 -0.000153 233333328.000000 0.632456 0.000009 1.000000 0.001000 0.000000 0.000000
0.586970 0.587303 -0.010710 -0.000153 234666672.000000 0.632456 0.000009 1.000000 0.001000 0.000000 0.000000
0.590305 0.590638 -0.011066 -0.000153 236000000.000000 0.632456 0.000009 1.000000 0.001000 0.000000 0.000000
0.593640 0.593973 -0.011422 -0.000153 237333328.000000 0.632456 0.000009 1.000000 0.001000 0.000000 0.000000
0.596975 0.597308 -0.011780 -0.000153 238666672.000000 0.632456 0.000009 1.000000 0.001000 0.000000 0.000000
0.600310 0.600643 -0.012139 -0.000153 240000000.000000 0.632456 0.000009 1.000000 0.001000 0.000000 0.000000
0.603645 0.603978 -0.012499 -0.000153 241333328.000000 0.632456 0.000009 1.000000 0.001000 0.000000 0.000000
0.606980 0.607313 -0.012860 -0.000153 242666672.000000 0.632456 0.000009 1.000000 0.001000 0.000000 0.000000
0.610315 0.610648 -0.013222 -0.000153 244000000.000000 0.632456 0.000009 1.000000 0.001000 0.000000 0.000000
0.613650 0.613983 -0.013585 -0.000153 245333328.000000 0.632456 0.000009 1.000000 0.001000 0.000000 0.000000
0.616985 0.617318 -0.013950 -0.000153 246666672.000000 0.632456 0.000009 1.000000 0.001000 0.000000 0.000000
0.620320 0.620653 -0.014316 -0.000153 248000000.000000 0.632456 0.000009 1.000000 0.001000 0.000000 0.000000
0.623655 0.623988 -0.014683 -0.000153 249333328.000000 0.632456 0.000009 1.000000 0.001000 0.000000 0.000000
0.626990 0.627323 -0.015052 -0.000153 250666672.000000 0.632456 0.000009 1.000000 0.001000 0.000000 0.000000
0.630325 0.630658 -0.015422 -0.000153 252000000.000000 0.632456 0.000009 1.000000 0.001000 0.000000 0.000000
0.633660 0.633993 -0.015794 -0.000153 253333328.000000 0.632456 0.000009 1.000000 0.001000 0.000000 0.000000
0.636995 0.637328 -0.016167 -0.000153 254666672.000000 0.632456 0.000009 1.000000 0.001000 0.000000 0.000000
0.640330 0.640663 -0.016541 -0.000153 256000000.000000 0.632456 0.000009 1.000000 0.001000 0.000000 0.000000
0.643665 0.643998 -0.016918 -0.000153 257333328.000000 0.632456 0.000009 1.000000 0.001000 0.000000 0.000000
0.647000 0.647333 -0.017296 -0.000153 258666672.000000 0.632456 0.000009 1.000000 0.001000 0.000000 0.000000
0.650335 0.650668 -0.017675 -0.000153 260000000.000000 0.632456 0.000009 1.000000 0.001000 0.000000 0.000000
0.653670 0.654003 -0.018057 -0.000153 261333328.000000 0.632456 0.000009 1.000000 0.001000 0.000000 0.000000
0.657005 0.657338 -0.018440 -0.000153 262666672.000000 0.632456 0.000009 1.000000 0.001000 0.000000 0.000000
0.660340 0.660673 -0.018825 -0.000153 264000000.000000 0.632456 0.000009 1.000000 0.001000 0.000000 0.000000
0.663675 0.664008 -0.019212 -0.000153 265333328.000000 0.632456 0.000009 1.000000 0.001000 0.000000 0.000000
0.667010 0.667343 -0.019601 -0.000153 266666672.000000 0.632456 0.000009 1.000000 0.001000 0.000000 0.000000
0.670345 0.670678 -0.019993 -0.000153 268000000.000000 0.632456 0.000009 1.000000 0.001000 0.000000 0.000000
0.673680 0.674013 -0.020386 -0.000153 269333344.000000 0.632456 0.000009 1.000000 0.001000 0.000000 0.000000
0.677015 0.677348 -0.020781 -0.000153 270666656.000000 0.632456 0.000009 1.000000 0.001000 0.000000 0.000000
0.680350 0.680683 -0.021179 -0.000153 272000000.000000 0.632456 0.000009 1.000000 0.001000 0.000000 0.000000
0.683685 0.684018 -0.021579 -0.000153 273333344.000000 0.632456 0.000009 1.000000 0.001000 0.000000 0.000000
0.687020 0.687353 -0.021981 -0.000153 274666656.000000 0.632456 0.000009 1.000000 0.001000 0.000000 0.000000
0.690355 0.690688 -0.022386 -0.000153 276000000.000000 0.632456 0.000009 1.000000 0.001000 0.000000 0.000000
0.693690 0.694023 -0.022794 -0.000153 277333344.000000 0.632456 0.000009 1.000000 0.001000 0.000000 0.000000
0.697025 0.697358 -0.023204 -0.000153 278666656.000000 0.632456 0.000009 1.000000 0.001000 0.000000 0.000000
0.700360 0.700693 -0.023616 -0.000153 280000000.000000 0.632456 0.000009 1.000000 0.001000 0.000000 0.000000
0.703695 0.704028 -0.024032 -0.000153 281333344.000000 0.632456 0.000009 1.000000 0.001000 0.000000 0.000000
0.707030 0.707363 -0.024450 -0.000153 282666656.000000 0.632456 0.000009 1.000000 0.001000 0.000000 0.000000
0.710365 0.710698 -0.024871 -0.000153 284000000.000000 0.632456 0.000009 1.000000 0.001000 0.000000 0.000000
0.713700 0.714033 -0.025295 -0.000153 285333344.000000 0.632456 0.000009 1.000000 0.001000 0.000000 0.000000
0.717035 0.717368 -0.025722 -0.000153 286666656.000000 0.632456 0.000009 1.000000 0.001000 0.000000 0.000000
0.720370 0.720703 -0.026153 -0.000153 288000000.000000 0.632456 0.000009 1.000000 0.001000 0.000000 0.000000
0.723705 0.724038 -0.026587 -0.000153 289333344.000000 0.632456 0.000009 1.000000 0.001000 0.000000 0.000000
0.727040 0.727373 -0.027024 -0.000153 290666656.000000 0.632456 0.000009 1.000000 0.001000 0.000000 0.000000
0.730375 0.730708 -0.027464 -0.000153 292000000.000000 0.632456 0.000009 1.000000 0.001000 0.000000 0.000000
0.733710 0.734043 -0.027909 -0.000153 293333344.000000 0.632456 0.000009 1.000000 0.001000 0.000000 0.000000
0.737045 0.737378 -0.028357 -0.000153 294666656.000000 0.632456 0.000009 1.000000 0.001000 0.000000 0.000000
0.740380 0.740713 -0.028808 -0.000153 296000000.000000 0.632456 0.000009 1.000000 0.001000 0.000000 0.000000
0.743715 0.744048 -0.029264 -0.000153 297333344.000000 0.632456 0.000009 1.000000 0.001000 0.000000 0.000000
0.747050 0.747383 -0.029724 -0.000153 298666656.000000 0.632456 0.000009 1.000000 0.001000 0.000000 0.000000
0.750385 0.750718 -0.030187 -0.000153 300000000.000000 0.632456 0.000009 1.000000 0.001000 0.000000 0.000000
0.753720 0.754053 -0.030656 -0.000153 301333344.000000 0.632456 0.000009 1.000000 0.001000 0.000000 0.000000
0.757055 0.757388 -0.031128 -0.000153 302666656.000000 0.632456 0.000009 1.000000 0.001000 0.000000 0.000000
0.760390 0.760723 -0.031606 -0.000153 304000000.000000 0.632456 0.000009 1.000000 0.001000 0.000000 0.000000
0.763725 0.764058 -0.032088 -0.000153 305333344.000000 0.632456 0.000009 1.000000 0.001000 0.000000 0.000000
0.767060 0.767393 -0.032574 -0.000153 306666656.000000 0.632456 0.000009 1.000000 0.001000 0.000000 0.000000
0.770395 0.770728 -0.033066 -0.000153 308000000.000000 0.632456 0.000009 1.000000 0.001000 0.000000 0.000000
0.773730 0.774063 -0.033564 -0.000153 309333344.000000 0.632456 0.000009 1.000000 0.001000 0.000000 0.000000
0.777065 0.777398 -0.034066 -0.000153 310666656.000000 0.632456 0.000009 1.000000 0.001000 0.000000 0.000000
0.780400 0.780733 -0.034574 -0.000153 312000000.000000 0.632456 0.000009 1.000000 0.001000 0.000000 0.000000
0.783735 0.784068 -0.035088 -0.000153 313333344.000000 0.632456 0.000009 1.000000 0.001000 0.000000 0.000000
0.787070 0.787403 -0.035608 -0.000153 314666656.000000 0.632456 0.000009 1.000000 0.001000 0.000000 0.000000
0.790405 0.790738 -0.036134 -0.000153 316000000.000000 0.632456 0.000009 1.000000 0.001000 0.000000 0.000000
0.793740 0.794073 -0.036667 -0.000153 317333344.000000 0.632456 0.000009 1.000000 0.001000 0.000000 0.000000
0.797075 0.797408 -0.037206 -0.000153 318666656.000000 0.632456 0.000009 1.000000 0.001000 0.000000 0.000000
0.800410 0.800743 -0.037752 -0.000153 320000000.000000 0.632456 0.000009 1.000000 0.001000 0.000000 0.000000
0.803745 0.804078 -0.038305 -0.000153 321333344.000000 0.632456 0.000009 1.000000 0.001000 0.000000 0.000000
0.807080 0.807413 -0.038865 -0.000153 322666656.000000 0.632456 0.000009 1.000000 0.001000 0.000000 0.000000
0.810415 0.810748 -0.039434 -0.000153 324000000.000000 0.632456 0.000009 1.000000 0.001000 0.000000 0.000000
0.813750 0.814083 -0.040010 -0.000153 325333344.000000 0.632456 0.000009 1.000000 0.001000 0.000000 0.000000
0.817085 0.817418 -0.040594 -0.000153 326666656.000000 0.632456 0.000009 1.000000 0.001000 0.000000 0.000000
0.820420 0.820753 -0.041187 -0.000153 328000000.000000 0.632456 0.000009 1.000000 0.001000 0.000000 0.000000
0.823755 0.824088 -0.041790 -0.000153 329333344.000000 0.632456 0.000009 1.000000 0.001000 0.000000 0.000000
0.827090 0.827423 -0.042401 -0.000153 330666656.000000 0.632456 0.000009 1.000000 0.001000 0.000000 0.000000
0.830425 0.830758 -0.043022 -0.000153 332000000.000000 0.632456 0.000009 1.000000 0.001000 0.000000 0.000000
0.833760 0.834093 -0.043653 -0.000153 333333344.000000 0.632456 0.000009 1.000000 0.001000 0.000000 0.000000
0.837095 0.837428 -0.044295 -0.000153 334666656.000000 0.632456 0.000009 1.000000 0.001000 0.000000 0.000000
0.840430 0.840763 -0.044948 -0.000153 336000000.000000 0.632456 0.000009 1.000000 0.001000 0.000000 0.000000
0.843765 0.844098 -0.045612 -0.000153 337333344.000000 0.632456 0.000009 1.000000 0.001000 0.000000 0.000000
0.847100 0.847433 -0.046289 -0.000153 338666656.000000 0.632456 0.000009 1.000000 0.001000 0.000000 0.000000
0.850435 0.850768 -0.046978 -0.000153 340000000.000000 0.632456 0.000009 1.000000 0.001000 0.000000 0.000000
0.853770 0.854103 -0.047680 -0.000153 341333344.000000 0.632456 0.000009 1.000000 0.001000 0.000000 0.000000
0.857105 0.857438 -0.048396 -0.000153 342666656.000000 0.632456 0.000009 1.000000 0.001000 0.000000 0.000000
0.860440 0.860773 -0.049127 -0.000153 344000000.000000 0.632456 0.000009 1.000000 0.001000 0.000000 0.000000
0.863775 0.864108 -0.049873 -0.000153 345333344.000000 0.632456 0.000009 1.000000 0.001000 0.000000 0.000000
0.867110 0.867443 -0.050635 -0.000153 346666656.000000 0.632456 0.000009 1.000000 0.001000 0.000000 0.000000
0.870445 0.870778 -0.051414 -0.000153 348000000.000000 0.632456 0.000009 1.000000 0.001000 0.000000 0.000000
0.873780 0.874113 -0.052210 -0.000153 349333344.000000 0.632456 0.000009 1.000000 0.001000 0.000000 0.000000
0.877115 0.877448 -0.053026 -0.000153 350666656.000000 0.632456 0.000009 1.000000 0.001000 0.000000 0.000000
0.880450 0.880783 -0.053861 -0.000153 352000000.000000 0.632456 0.000009 1.000000 0.001000 0.000000 0.000000
0.883785 0.884118 -0.054718 -0.000153 353333344.000000 0.632456 0.000009 1.000000 0.001000 0.000000 0.000000
0.887120 0.887453 -0.055597 -0.000153 354666656.000000 0.632456 0.000009 1.000000 0.001000 0.000000 0.000000
0.890455 0.890788 -0.056500 -0.000153 356000000.000000 0.632456 0.000009 1.000000 0.001000 0.000000 0.000000
0.893790 0.894123 -0.057428 -0.000153 357333344.000000 0.632456 0.000009 1.000000 0.001000 0.000000 0.000000
0.897125 0.897458 -0.058383 -0.000153 358666656.000000 0.632456 0.000009 1.000000 0.001000 0.000000 0.000000
0.900460 0.900793 -0.059367 -0.000153 360000000.000000 0.632456 0.000009 1.000000 0.001000 0.000000 0.000000
0.903795 0.904128 -0.060382 -0.000153 361333344.000000 0.632456 0.000009 1.000000 0.001000 0.000000 0.000000
0.907130 0.907463 -0.061429 -0.000153 362666656.000000 0.632456 0.000009 1.000000 0.001000 0.000000 0.000000
0.910465 0.910798 -0.062513 -0.000153 364000000.000000 0.632456 0.000009 1.000000 0.001000 0.000000 0.000000
0.913800 0.914133 -0.063634 -0.000153 365333344.000000 0.632456 0.000009 1.000000 0.001000 0.000000 0.000000
0.917135 0.917468 -0.064798 -0.000153 366666656.000000 0.632456 0.000009 1.000000 0.001000 0.000000 0.000000
0.920470 0.920803 -0.066006 -0.000153 368000000.000000 0.632456 0.000009 1.000000 0.001000 0.000000 0.000000
0.923805 0.924138 -0.067264 -0.000153 369333344.000000 0.632456 0.000009 1.000000 0.001000 0.000000 0.000000
0.927140 0.927473 -0.068575 -0.000153 370666656.000000 0.632456 0.000009 1.000000 0.001000 0.000000 0.000000
0.930475 0.930808 -0.069944 -0.000153 372000000.000000 0.632456 0.000009 1.000000 0.001000 0.000000 0.000000
0.933810 0.934143 -0.071379 -0.000153 373333344.000000 0.632456 0.000009 1.000000 0.001000 0.000000 0.000000
0.937145 0.937478 -0.072885 -0.000153 374666656.000000 0.632456 0.000009 1.000000 0.001000 0.000000 0.000000
0.940480 0.940813 -0.074471 -0.000153 376000000.000000 0.632456 0.000009 1.000000 0.001000 0.000000 0.000000
0.943815 0.944148 -0.076146 -0.000153 377333344.000000 0.632456 0.000009 1.000000 0.001000 0.000000 0.000000
0.947150 0.947483 -0.077921 -0.000153 378666656.000000 0.632456 0.000009 1.000000 0.001000 0.000000 0.000000
0.950485 0.950818 -0.079811 -0.000153 380000000.000000 0.632456 0.000009 1.000000 0.001000 0.000000 0.000000
0.953820 0.954153 -0.081831 -0.000153 381333344.000000 0.632456 0.000009 1.000000 0.001000 0.000000 0.000000
0.957155 0.957488 -0.084002 -0.000153 382666656.000000 0.632456 0.000009 1.000000 0.001000 0.000000 0.000000
0.960490 0.960823 -0.086349 -0.000153 384000000.000000 0.632456 0.000009 1.000000 0.001000 0.000000 0.000000
0.963825 0.964158 -0.088905 -0.000153 385333344.000000 0.632456 0.000009 1.000000 0.001000 0.000000 0.000000
0.967160 0.967493 -0.091712 -0.000153 386666656.000000 0.632456 0.000009 1.000000 0.001000 0.000000 0.000000
0.970495 0.970828 -0.094825 -0.000153 388000000.000000 0.632456 0.000009 1.000000 0.001000 0.000000 0.000000
0.973830 0.974163 -0.098323 -0.000153 389333344.000000 0.632456 0.000009 1.000000 0.001000 0.000000 0.000000
0.977165 0.977498 -0.102314 -0.000153 390666656.000000 0.632456 0.000009 1.000000 0.001000 0.000000 0.000000
0.980500 0.980833 -0.106966 -0.000153 392000000.000000 0.632456 0.000009 1.000000 0.001000 0.000000 0.000000
0.983835 0.984168 -0.112541 -0.000153 393333344.000000 0.632456 0.000009 1.000000 0.001000 0.000000 0.000000
0.987170 0.987504 -0.119499 -0.000153 394666656.000000 0.632456 0.000009 1.000000 0.001000 0.000000 0.000000
0.990505 0.990839 -0.128756 -0.000153 396000000.000000 0.632456 0.000009 1.000000 0.001000 0.000000 0.000000
0.993840 0.994174 -0.142574 -0.000153 397333344.000000 0.632456 0.000009 1.000000 0.001000 0.000000 0.000000
0.995056 0.995389 -0.149900 -0.000153 397819328.000000 0.632456 0.000009 1.000000 0.001000 0.000000 0.000000
