tita titas E[V] ic ti d[cm] L lambda omega
0.000010 0.000010 0.236521 -0.000048 0.000000 0.200000 0.000009 1.000000 0.000100 0.000000 0.000000
0.003345 0.003378 0.141623 -0.000048 1333333.375000 0.200000 0.000009 1.000000 0.000100 0.000000 0.000000
0.006680 0.006713 0.125179 -0.000048 2666666.750000 0.200000 0.000009 1.000000 0.000100 0.000000 0.000000
0.010015 0.010048 0.115304 -0.000048 4000000.000000 0.200000 0.000009 1.000000 0.000100 0.000000 0.000000
0.013350 0.013383 0.108197 -0.000048 5333333.500000 0.200000 0.000009 1.000000 0.000100 0.000000 0.000000
0.016685 0.016718 0.102628 -0.000048 6666666.500000 0.200000 0.000009 1.000000 0.000100 0.000000 0.000000
0.020020 0.020053 0.098041 -0.000048 8000000.000000 0.200000 0.000009 1.000000 0.000100 0.000000 0.000000
0.023355 0.023388 0.094135 -0.000048 9333333.000000 0.200000 0.000009 1.000000 0.000100 0.000000 0.000000
0.026690 0.026723 0.090731 -0.000048 10666667.000000 0.200000 0.000009 1.000000 0.000100 0.000000 0.000000
0.030025 0.030058 0.087711 -0.000048 12000000.000000 0.200000 0.000009 1.000000 0.000100 0.000000 0.000000
0.033360 0.033393 0.084995 -0.000048 13333333.000000 0.200000 0.000009 1.000000 0.000100 0.000000 0.000000
0.036695 0.036728 0.082526 -0.000048 14666667.000000 0.200000 0.000009 1.000000 0.000100 0.000000 0.000000
0.040030 0.040063 0.080261 -0.000048 16000000.000000 0.200000 0.000009 1.000000 0.000100 0.000000 0.000000
0.043365 0.043398 0.078167 -0.000048 17333334.000000 0.200000 0.000009 1.000000 0.000100 0.000000 0.000000
0.046700 0.046733 0.076220 -0.000048 18666666.000000 0.200000 0.000009 1.000000 0.000100 0.000000 0.000000
0.050035 0.050068 0.074399 -0.000048 20000000.000000 0.200000 0.000009 1.000000 0.000100 0.000000 0.000000
0.053370 0.053403 0.072688 -0.000048 21333334.000000 0.200000 0.000009 1.000000 0.000100 0.000000 0.000000
0.056705 0.056738 0.071074 -0.000048 22666666.000000 0.200000 0.000009 1.000000 0.000100 0.000000 0.000000
0.060040 0.060073 0.069545 -0.000048 24000000.000000 0.200000 0.000009 1.000000 0.000100 0.000000 0.000000
0.063375 0.063408 0.068093 -0.000048 25333334.000000 0.200000 0.000009 1.000000 0.000100 0.000000 0.000000
0.066710 0.066743 0.066710 -0.000048 26666666.000000 0.200000 0.000009 1.000000 0.000100 0.000000 0.000000
0.070045 0.070078 0.065389 -0.000048 28000000.000000 0.200000 0.000009 1.000000 0.000100 0.000000 0.000000
0.073380 0.073413 0.064124 -0.000048 29333334.000000 0.200000 0.000009 1.000000 0.000100 0.000000 0.000000
0.076715 0.076748 0.062911 -0.000048 30666666.000000 0.200000 0.000009 1.000000 0.000100 0.000000 0.000000
0.080050 0.080083 0.061744 -0.000048 32000000.000000 0.200000 0.000009 1.000000 0.000100 0.000000 0.000000
0.083385 0.083418 0.060621 -0.000048 33333334.000000 0.200000 0.000009 1.000000 0.000100 0.000000 0.000000
0.086720 0.086753 0.059537 -0.000048 34666668.000000 0.200000 0.000009 1.000000 0.000100 0.000000 0.000000
0.090055 0.090088 0.058489 -0.000048 36000000.000000 0.200000 0.000009 1.000000 0.000100 0.000000 0.000000
0.093390 0.093423 0.057476 -0.000048 37333332.000000 0.200000 0.000009 1.000000 0.000100 0.000000 0.000000
0.096725 0.096758 0.056495 -0.000048 38666668.000000 0.200000 0.000009 1.000000 0.000100 0.000000 0.000000
0.100060 0.100093 0.055542 -0.000048 40000000.000000 0.200000 0.000009 1.000000 0.000100 0.000000 0.000000
0.103395 0.103428 0.054618 -0.000048 41333332.000000 0.200000 0.000009 1.000000 0.000100 0.000000 0.000000
0.106730 0.106763 0.053719 -0.000048 42666668.000000 0.200000 0.000009 1.000000 0.000100 0.000000 0.000000
0.110065 0.110098 0.052844 -0.000048 44000000.000000 0.200000 0.000009 1.000000 0.000100 0.000000 0.000000
0.113400 0.113433 0.051992 -0.000048 45333332.000000 0.200000 0.000009 1.000000 0.000100 0.000000 0.000000
0.116735 0.116768 0.051161 -0.000048 46666668.000000 0.200000 0.000009 1.000000 0.000100 0.000000 0.000000
0.120070 0.120103 0.050350 -0.000048 48000000.000000 0.200000 0.000009 1.000000 0.000100 0.000000 0.000000
0.123405 0.123438 0.049559 -0.000048 49333332.000000 0.200000 0.000009 1.000000 0.000100 0.000000 0.000000
0.126740 0.126773 0.048785 -0.000048 50666668.000000 0.200000 0.000009 1.000000 0.000100 0.000000 0.000000
0.130075 0.130108 0.048029 -0.000048 52000000.000000 0.200000 0.000009 1.000000 0.000100 0.000000 0.000000
0.133410 0.133443 0.047288 -0.000048 53333332.000000 0.200000 0.000009 1.000000 0.000100 0.000000 0.000000
0.136745 0.136778 0.046563 -0.000048 54666668.000000 0.200000 0.000009 1.000000 0.000100 0.000000 0.000000
0.140080 0.140113 0.045853 -0.000048 56000000.000000 0.200000 0.000009 1.000000 0.000100 0.000000 0.000000
0.143415 0.143448 0.045156 -0.000048 57333332.000000 0.200000 0.000009 1.000000 0.000100 0.000000 0.000000
0.146750 0.146783 0.044472 -0.000048 58666668.000000 0.200000 0.000009 1.000000 0.000100 0.000000 0.000000
0.150085 0.150118 0.043802 -0.000048 60000000.000000 0.200000 0.000009 1.000000 0.000100 0.000000 0.000000
0.153420 0.153453 0.043143 -0.000048 61333332.000000 0.200000 0.000009 1.000000 0.000100 0.000000 0.000000
0.156755 0.156788 0.042496 -0.000048 62666668.000000 0.200000 0.000009 1.000000 0.000100 0.000000 0.000000
0.160090 0.160123 0.041859 -0.000048 64000000.000000 0.200000 0.000009 1.000000 0.000100 0.000000 0.000000
0.163425 0.163458 0.041234 -0.000048 65333332.000000 0.200000 0.000009 1.000000 0.000100 0.000000 0.000000
0.166760 0.166793 0.040618 -0.000048 66666668.000000 0.200000 0.000009 1.000000 0.000100 0.000000 0.000000
0.170095 0.170128 0.040012 -0.000048 68000000.000000 0.200000 0.000009 1.000000 0.000100 0.000000 0.000000
0.173430 0.173463 0.039415 -0.000048 69333336.000000 0.200000 0.000009 1.000000 0.000100 0.000000 0.000000
0.176765 0.176798 0.038828 -0.000048 70666664.000000 0.200000 0.000009 1.000000 0.000100 0.000000 0.000000
0.180100 0.180133 0.038248 -0.000048 72000000.000000 0.200000 0.000009 1.000000 0.000100 0.000000 0.000000
0.183435 0.183468 0.037677 -0.000048 73333336.000000 0.200000 0.000009 1.000000 0.000100 0.000000 0.000000
0.186770 0.186803 0.037114 -0.000048 74666664.000000 0.200000 0.000009 1.000000 0.000100 0.000000 0.000000
0.190105 0.190138 0.036559 -0.000048 76000000.000000 0.200000 0.000009 1.000000 0.000100 0.000000 0.000000
0.193440 0.193473 0.036011 -0.000048 77333336.000000 0.200000 0.000009 1.000000 0.000100 0.000000 0.000000
0.196775 0.196808 0.035469 -0.000048 78666664.000000 0.200000 0.000009 1.000000 0.000100 0.000000 0.000000
0.200110 0.200143 0.034935 -0.000048 80000000.000000 0.200000 0.000009 1.000000 0.000100 0.000000 0.000000
0.203445 0.203478 0.034407 -0.000048 81333336.000000 0.200000 0.000009 1.000000 0.000100 0.000000 0.000000
0.206780 0.206813 0.033886 -0.000048 82666664.000000 0.200000 0.000009 1.000000 0.000100 0.000000 0.000000
0.210115 0.210148 0.033371 -0.000048 84000000.000000 0.200000 0.000009 1.000000 0.000100 0.000000 0.000000
0.213450 0.213483 0.032861 -0.000048 85333336.000000 0.200000 0.000009 1.000000 0.000100 0.000000 0.000000
0.216785 0.216818 0.032358 -0.000048 86666664.000000 0.200000 0.000009 1.000000 0.000100 0.000000 0.000000
0.220120 0.220153 0.031860 -0.000048 88000000.000000 0.200000 0.000009 1.000000 0.000100 0.000000 0.000000
0.223455 0.223488 0.031367 -0.000048 89333336.000000 0.200000 0.000009 1.000000 0.000100 0.000000 0.000000
0.226790 0.226823 0.030879 -0.000048 90666664.000000 0.200000 0.000009 1.000000 0.000100 0.000000 0.000000
0.230125 0.230158 0.030396 -0.000048 92000000.000000 0.200000 0.000009 1.000000 0.000100 0.000000 0.000000
0.233460 0.233493 0.029918 -0.000048 93333336.000000 0.200000 0.000009 1.000000 0.000100 0.000000 0.000000
0.236795 0.236828 0.029445 -0.000048 94666664.000000 0.200000 0.000009 1.000000 0.000100 0.000000 0.000000
0.240130 0.240163 0.028977 -0.000048 96000000.000000 0.200000 0.000009 1.000000 0.000100 0.000000 0.000000
0.243465 0.243498 0.028512 -0.000048 97333336.000000 0.200000 0.000009 1.000000 0.000100 0.000000 0.000000
0.246800 0.246833 0.028052 -0.000048 98666664.000000 0.200000 0.000009 1.000000 0.000100 0.000000 0.000000
0.250135 0.250168 0.027596 -0.000048 100000000.000000 0.200000 0.000009 1.000000 0.000100 0.000000 0.000000
0.253470 0.253503 0.027144 -0.000048 101333336.000000 0.200000 0.000009 1.000000 0.000100 0.000000 0.000000
0.256805 0.256838 0.026696 -0.000048 102666664.000000 0.200000 0.000009 1.000000 0.000100 0.000000 0.000000
0.260140 0.260173 0.026252 -0.000048 104000000.000000 0.200000 0.000009 1.000000 0.000100 0.000000 0.000000
0.263475 0.263508 0.025811 -0.000048 105333336.000000 0.200000 0.000009 1.000000 0.000100 0.000000 0.000000
0.266810 0.266843 0.025374 -0.000048 106666664.000000 0.200000 0.000009 1.000000 0.000100 0.000000 0.000000
0.270145 0.270178 0.024940 -0.000048 108000000.000000 0.200000 0.000009 1.000000 0.000100 0.000000 0.000000
0.273480 0.273513 0.024510 -0.000048 109333336.000000 0.200000 0.000009 1.000000 0.000100 0.000000 0.000000
0.276815 0.276848 0.024083 -0.000048 110666664.000000 0.200000 0.000009 1.000000 0.000100 0.000000 0.000000
0.280150 0.280183 0.023659 -0.000048 112000000.000000 0.200000 0.000009 1.000000 0.000100 0.000000 0.000000
0.283485 0.283518 0.023237 -0.000048 113333336.000000 0.200000 0.000009 1.000000 0.000100 0.000000 0.000000
0.286820 0.286853 0.022819 -0.000048 114666664.000000 0.200000 0.000009 1.000000 0.000100 0.000000 0.000000
0.290155 0.290188 0.022404 -0.000048 116000000.000000 0.200000 0.000009 1.000000 0.000100 0.000000 0.000000
0.293490 0.293523 0.021992 -0.000048 117333336.000000 0.200000 0.000009 1.000000 0.000100 0.000000 0.000000
0.296825 0.296858 0.021582 -0.000048 118666664.000000 0.200000 0.000009 1.000000 0.000100 0.000000 0.000000
0.300160 0.300193 0.021175 -0.000048 120000000.000000 0.200000 0.000009 1.000000 0.000100 0.000000 0.000000
0.303495 0.303528 0.020770 -0.000048 121333336.000000 0.200000 0.000009 1.000000 0.000100 0.000000 0.000000
0.306830 0.306863 0.020368 -0.000048 122666664.000000 0.200000 0.000009 1.000000 0.000100 0.000000 0.000000
0.310165 0.310198 0.019968 -0.000048 124000000.000000 0.200000 0.000009 1.000000 0.000100 0.000000 0.000000
0.313500 0.313533 0.019571 -0.000048 125333336.000000 0.200000 0.000009 1.000000 0.000100 0.000000 0.000000
0.316835 0.316868 0.019175 -0.000048 126666664.000000 0.200000 0.000009 1.000000 0.000100 0.000000 0.000000
0.320170 0.320203 0.018782 -0.000048 128000000.000000 0.200000 0.000009 1.000000 0.000100 0.000000 0.000000
0.323505 0.323538 0.018392 -0.000048 129333336.000000 0.200000 0.000009 1.000000 0.000100 0.000000 0.000000
0.326840 0.326873 0.018003 -0.000048 130666664.000000 0.200000 0.000009 1.000000 0.000100 0.000000 0.000000
0.330175 0.330208 0.017616 -0.000048 132000000.000000 0.200000 0.000009 1.000000 0.000100 0.000000 0.000000
0.333510 0.333543 0.017231 -0.000048 133333336.000000 0.200000 0.000009 1.000000 0.000100 0.000000 0.000000
0.336845 0.336878 0.016848 -0.000048 134666672.000000 0.200000 0.000009 1.000000 0.000100 0.000000 0.000000
0.340180 0.340213 0.016467 -0.000048 136000000.000000 0.200000 0.000009 1.000000 0.000100 0.000000 0.000000
0.343515 0.343548 0.016088 -0.000048 137333328.000000 0.200000 0.000009 1.000000 0.000100 0.000000 0.000000
0.346850 0.346883 0.015710 -0.000048 138666672.000000 0.200000 0.000009 1.000000 0.000100 0.000000 0.000000
0.350185 0.350218 0.015334 -0.000048 140000000.000000 0.200000 0.000009 1.000000 0.000100 0.000000 0.000000
0.353520 0.353553 0.014960 -0.000048 141333328.000000 0.200000 0.000009 1.000000 0.000100 0.000000 0.000000
0.356855 0.356888 0.014587 -0.000048 142666672.000000 0.200000 0.000009 1.000000 0.000100 0.000000 0.000000
0.360190 0.360223 0.014216 -0.000048 144000000.000000 0.200000 0.000009 1.000000 0.000100 0.000000 0.000000
0.363525 0.363558 0.013846 -0.000048 145333328.000000 0.200000 0.000009 1.000000 0.000100 0.000000 0.000000
0.366860 0.366893 0.013477 -0.000048 146666672.000000 0.200000 0.000009 1.000000 0.000100 0.000000 0.000000
0.370195 0.370228 0.013110 -0.000048 148000000.000000 0.200000 0.000009 1.000000 0.000100 0.000000 0.000000
0.373530 0.373563 0.012745 -0.000048 149333328.000000 0.200000 0.000009 1.000000 0.000100 0.000000 0.000000
0.376865 0.376898 0.012380 -0.000048 150666672.000000 0.200000 0.000009 1.000000 0.000100 0.000000 0.000000
0.380200 0.380233 0.012017 -0.000048 152000000.000000 0.200000 0.000009 1.000000 0.000100 0.000000 0.000000
0.383535 0.383568 0.011655 -0.000048 153333328.000000 0.200000 0.000009 1.000000 0.000100 0.000000 0.000000
0.386870 0.386903 0.011294 -0.000048 154666672.000000 0.200000 0.000009 1.000000 0.000100 0.000000 0.000000
0.390205 0.390238 0.010935 -0.000048 156000000.000000 0.200000 0.000009 1.000000 0.000100 0.000000 0.000000
0.393540 0.393573 0.010576 -0.000048 157333328.000000 0.200000 0.000009 1.000000 0.000100 0.000000 0.000000
0.396875 0.396908 0.010219 -0.000048 158666672.000000 0.200000 0.000009 1.000000 0.000100 0.000000 0.000000
0.400210 0.400243 0.009862 -0.000048 160000000.000000 0.200000 0.000009 1.000000 0.000100 0.000000 0.000000
0.403545 0.403578 0.009507 -0.000048 161333328.000000 0.200000 0.000009 1.000000 0.000100 0.000000 0.000000
0.406880 0.406913 0.009152 -0.000048 162666672.000000 0.200000 0.000009 1.000000 0.000100 0.000000 0.000000
0.410215 0.410248 0.008798 -0.000048 164000000.000000 0.200000 0.000009 1.000000 0.000100 0.000000 0.000000
0.413550 0.413583 0.008445 -0.000048 165333328.000000 0.200000 0.000009 1.000000 0.000100 0.000000 0.000000
0.416885 0.416918 0.008093 -0.000048 166666672.000000 0.200000 0.000009 1.000000 0.000100 0.000000 0.000000
0.420220 0.420253 0.007742 -0.000048 168000000.000000 0.200000 0.000009 1.000000 0.000100 0.000000 0.000000
0.423555 0.423588 0.007391 -0.000048 169333328.000000 0.200000 0.000009 1.000000 0.000100 0.000000 0.000000
0.426890 0.426923 0.007041 -0.000048 170666672.000000 0.200000 0.000009 1.000000 0.000100 0.000000 0.000000
0.430225 0.430259 0.006692 -0.000048 172000000.000000 0.200000 0.000009 1.000000 0.000100 0.000000 0.000000
0.433560 0.433594 0.006344 -0.000048 173333328.000000 0.200000 0.000009 1.000000 0.000100 0.000000 0.000000
0.436895 0.436929 0.005996 -0.000048 174666672.000000 0.200000 0.000009 1.000000 0.000100 0.000000 0.000000
0.440230 0.440264 0.005648 -0.000048 176000000.000000 0.200000 0.000009 1.000000 0.000100 0.000000 0.000000
0.443565 0.443599 0.005301 -0.000048 177333328.000000 0.200000 0.000009 1.000000 0.000100 0.000000 0.000000
0.446900 0.446934 0.004955 -0.000048 178666672.000000 0.200000 0.000009 1.000000 0.000100 0.000000 0.000000
0.450235 0.450269 0.004609 -0.000048 180000000.000000 0.200000 0.000009 1.000000 0.000100 0.000000 0.000000
0.453570 0.453604 0.004264 -0.000048 181333328.000000 0.200000 0.000009 1.000000 0.000100 0.000000 0.000000
0.456905 0.456939 0.003919 -0.000048 182666672.000000 0.200000 0.000009 1.000000 0.000100 0.000000 0.000000
0.460240 0.460274 0.003574 -0.000048 184000000.000000 0.200000 0.000009 1.000000 0.000100 0.000000 0.000000
0.463575 0.463609 0.003230 -0.000048 185333328.000000 0.200000 0.000009 1.000000 0.000100 0.000000 0.000000
0.466910 0.466944 0.002886 -0.000048 186666672.000000 0.200000 0.000009 1.000000 0.000100 0.000000 0.000000
0.470245 0.470279 0.002542 -0.000048 188000000.000000 0.200000 0.000009 1.000000 0.000100 0.000000 0.000000
0.473580 0.473614 0.002199 -0.000048 189333328.000000 0.200000 0.000009 1.000000 0.000100 0.000000 0.000000
0.476915 0.476949 0.001855 -0.000048 190666672.000000 0.200000 0.000009 1.000000 0.000100 0.000000 0.000000
0.480250 0.480284 0.001512 -0.000048 192000000.000000 0.200000 0.000009 1.000000 0.000100 0.000000 0.000000
0.483585 0.483619 0.001169 -0.000048 193333328.000000 0.200000 0.000009 1.000000 0.000100 0.000000 0.000000
0.486920 0.486954 0.000827 -0.000048 194666672.000000 0.200000 0.000009 1.000000 0.000100 0.000000 0.000000
0.490255 0.490289 0.000484 -0.000048 196000000.000000 0.200000 0.000009 1.000000 0.000100 0.000000 0.000000
0.493590 0.493624 0.000141 -0.000048 197333328.000000 0.200000 0.000009 1.000000 0.000100 0.000000 0.000000
0.496925 0.496959 -0.000201 -0.000048 198666672.000000 0.200000 0.000009 1.000000 0.000100 0.000000 0.000000
0.500260 0.500294 -0.000544 -0.000048 200000000.000000 0.200000 0.000009 1.000000 0.000100 0.000000 0.000000
0.503595 0.503629 -0.000886 -0.000048 201333328.000000 0.200000 0.000009 1.000000 0.000100 0.000000 0.000000
0.506930 0.506964 -0.001229 -0.000048 202666672.000000 0.200000 0.000009 1.000000 0.000100 0.000000 0.000000
0.510265 0.510299 -0.001572 -0.000048 204000000.000000 0.200000 0.000009 1.000000 0.000100 0.000000 0.000000
0.513600 0.513634 -0.001915 -0.000048 205333328.000000 0.200000 0.000009 1.000000 0.000100 0.000000 0.000000
0.516935 0.516969 -0.002258 -0.000048 206666672.000000 0.200000 0.000009 1.000000 0.000100 0.000000 0.000000
0.520270 0.520304 -0.002601 -0.000048 208000000.000000 0.200000 0.000009 1.000000 0.000100 0.000000 0.000000
0.523605 0.523639 -0.002944 -0.000048 209333328.000000 0.200000 0.000009 1.000000 0.000100 0.000000 0.000000
0.526940 0.526974 -0.003288 -0.000048 210666672.000000 0.200000 0.000009 1.000000 0.000100 0.000000 0.000000
0.530275 0.530309 -0.003632 -0.000048 212000000.000000 0.200000 0.000009 1.000000 0.000100 0.000000 0.000000
0.533610 0.533644 -0.003976 -0.000048 213333328.000000 0.200000 0.000009 1.000000 0.000100 0.000000 0.000000
0.536945 0.536979 -0.004320 -0.000048 214666672.000000 0.200000 0.000009 1.000000 0.000100 0.000000 0.000000
0.540280 0.540314 -0.004665 -0.000048 216000000.000000 0.200000 0.000009 1.000000 0.000100 0.000000 0.000000
0.543615 0.543649 -0.005011 -0.000048 217333328.000000 0.200000 0.000009 1.000000 0.000100 0.000000 0.000000
0.546950 0.546984 -0.005356 -0.000048 218666672.000000 0.200000 0.000009 1.000000 0.000100 0.000000 0.000000
0.550285 0.550319 -0.005702 -0.000048 220000000.000000 0.200000 0.000009 1.000000 0.000100 0.000000 0.000000
0.553620 0.553654 -0.006049 -0.000048 221333328.000000 0.200000 0.000009 1.000000 0.000100 0.000000 0.000000
0.556955 0.556989 -0.006396 -0.000048 222666672.000000 0.200000 0.000009 1.000000 0.000100 0.000000 0.000000
0.560290 0.560324 -0.006744 -0.000048 224000000.000000 0.200000 0.000009 1.000000 0.000100 0.000000 0.000000
0.563625 0.563659 -0.007092 -0.000048 225333328.000000 0.200000 0.000009 1.000000 0.000100 0.000000 0.000000
0.566960 0.566994 -0.007441 -0.000048 226666672.000000 0.200000 0.000009 1.000000 0.000100 0.000000 0.000000
0.570295 0.570329 -0.007791 -0.000048 228000000.000000 0.200000 0.000009 1.000000 0.000100 0.000000 0.000000
0.573630 0.573664 -0.008141 -0.000048 229333328.000000 0.200000 0.000009 1.000000 0.000100 0.000000 0.000000
0.576965 0.576999 -0.008492 -0.000048 230666672.000000 0.200000 0.000009 1.000000 0.000100 0.000000 0.000000
0.580300 0.580334 -0.008844 -0.000048 232000000.000000 0.200000 0.000009 1.000000 0.000100 0.000000 0.000000
0.583635 0.583669 -0.009197 -0.000048 233333328.000000 0.200000 0.000009 1.000000 0.000100 0.000000 0.000000
0.586970 0.587004 -0.009550 -0.000048 234666672.000000 0.200000 0.000009 1.000000 0.000100 0.000000 0.000000
0.590305 0.590339 -0.009905 -0.000048 236000000.000000 0.200000 0.000009 1.000000 0.000100 0.000000 0.000000
0.593640 0.593674 -0.010260 -0.000048 237333328.000000 0.200000 0.000009 1.000000 0.000100 0.000000 0.000000
0.596975 0.597009 -0.010616 -0.000048 238666672.000000 0.200000 0.000009 1.000000 0.000100 0.000000 0.000000
0.600310 0.600344 -0.010973 -0.000048 240000000.000000 0.200000 0.000009 1.000000 0.000100 0.000000 0.000000
0.603645 0.603679 -0.011331 -0.000048 241333328.000000 0.200000 0.000009 1.000000 0.000100 0.000000 0.000000
0.606980 0.607014 -0.011691 -0.000048 242666672.000000 0.200000 0.000009 1.000000 0.000100 0.000000 0.000000
0.610315 0.610349 -0.012051 -0.000048 244000000.000000 0.200000 0.000009 1.000000 0.000100 0.000000 0.000000
0.613650 0.613684 -0.012413 -0.000048 245333328.000000 0.200000 0.000009 1.000000 0.000100 0.000000 0.000000
0.616985 0.617019 -0.012775 -0.000048 246666672.000000 0.200000 0.000009 1.000000 0.000100 0.000000 0.000000
0.620320 0.620354 -0.013139 -0.000048 248000000.000000 0.200000 0.000009 1.000000 0.000100 0.000000 0.000000
0.623655 0.623689 -0.013504 -0.000048 249333328.000000 0.200000 0.000009 1.000000 0.000100 0.000000 0.000000
0.626990 0.627024 -0.013871 -0.000048 250666672.000000 0.200000 0.000009 1.000000 0.000100 0.000000 0.000000
0.630325 0.630359 -0.014239 -0.000048 252000000.000000 0.200000 0.000009 1.000000 0.000100 0.000000 0.000000
0.633660 0.633694 -0.014608 -0.000048 253333328.000000 0.200000 0.000009 1.000000 0.000100 0.000000 0.000000
0.636995 0.637029 -0.014979 -0.000048 254666672.000000 0.200000 0.000009 1.000000 0.000100 0.000000 0.000000
0.640330 0.640364 -0.015351 -0.000048 256000000.000000 0.200000 0.000009 1.000000 0.000100 0.000000 0.000000
0.643665 0.643699 -0.015725 -0.000048 257333328.000000 0.200000 0.000009 1.000000 0.000100 0.000000 0.000000
0.647000 0.647034 -0.016100 -0.000048 258666672.000000 0.200000 0.000009 1.000000 0.000100 0.000000 0.000000
0.650335 0.650369 -0.016477 -0.000048 260000000.000000 0.200000 0.000009 1.000000 0.000100 0.000000 0.000000
0.653670 0.653704 -0.016856 -0.000048 261333328.000000 0.200000 0.000009 1.000000 0.000100 0.000000 0.000000
0.657005 0.657039 -0.017236 -0.000048 262666672.000000 0.200000 0.000009 1.000000 0.000100 0.000000 0.000000
0.660340 0.660374 -0.017618 -0.000048 264000000.000000 0.200000 0.000009 1.000000 0.000100 0.000000 0.000000
0.663675 0.663709 -0.018002 -0.000048 265333328.000000 0.200000 0.000009 1.000000 0.000100 0.000000 0.000000
0.667010 0.667044 -0.018388 -0.000048 266666672.000000 0.200000 0.000009 1.000000 0.000100 0.000000 0.000000
0.670345 0.670379 -0.018776 -0.000048 268000000.000000 0.200000 0.000009 1.000000 0.000100 0.000000 0.000000
0.673680 0.673714 -0.019166 -0.000048 269333344.000000 0.200000 0.000009 1.000000 0.000100 0.000000 0.000000
0.677015 0.677049 -0.019558 -0.000048 270666656.000000 0.200000 0.000009 1.000000 0.000100 0.000000 0.000000
0.680350 0.680384 -0.019953 -0.000048 272000000.000000 0.200000 0.000009 1.000000 0.000100 0.000000 0.000000
0.683685 0.683719 -0.020349 -0.000048 273333344.000000 0.200000 0.000009 1.000000 0.000100 0.000000 0.000000
0.687020 0.687054 -0.020748 -0.000048 274666656.000000 0.200000 0.000009 1.000000 0.000100 0.000000 0.000000
0.690355 0.690389 -0.021149 -0.000048 276000000.000000 0.200000 0.000009 1.000000 0.000100 0.000000 0.000000
0.693690 0.693724 -0.021553 -0.000048 277333344.000000 0.200000 0.000009 1.000000 0.000100 0.000000 0.000000
0.697025 0.697059 -0.021959 -0.000048 278666656.000000 0.200000 0.000009 1.000000 0.000100 0.000000 0.000000
0.700360 0.700394 -0.022367 -0.000048 280000000.000000 0.200000 0.000009 1.000000 0.000100 0.000000 0.000000
0.703695 0.703729 -0.022778 -0.000048 281333344.000000 0.200000 0.000009 1.000000 0.000100 0.000000 0.000000
0.707030 0.707064 -0.023192 -0.000048 282666656.000000 0.200000 0.000009 1.000000 0.000100 0.000000 0.000000
0.710365 0.710399 -0.023609 -0.000048 284000000.000000 0.200000 0.000009 1.000000 0.000100 0.000000 0.000000
0.713700 0.713734 -0.024029 -0.000048 285333344.000000 0.200000 0.000009 1.000000 0.000100 0.000000 0.000000
0.717035 0.717069 -0.024452 -0.000048 286666656.000000 0.200000 0.000009 1.000000 0.000100 0.000000 0.000000
0.720370 0.720404 -0.024877 -0.000048 288000000.000000 0.200000 0.000009 1.000000 0.000100 0.000000 0.000000
0.723705 0.723739 -0.025306 -0.000048 289333344.000000 0.200000 0.000009 1.000000 0.000100 0.000000 0.000000
0.727040 0.727074 -0.025738 -0.000048 290666656.000000 0.200000 0.000009 1.000000 0.000100 0.000000 0.000000
0.730375 0.730409 -0.026174 -0.000048 292000000.000000 0.200000 0.000009 1.000000 0.000100 0.000000 0.000000
0.733710 0.733744 -0.026613 -0.000048 293333344.000000 0.200000 0.000009 1.000000 0.000100 0.000000 0.000000
0.737045 0.737079 -0.027055 -0.000048 294666656.000000 0.200000 0.000009 1.000000 0.000100 0.000000 0.000000
0.740380 0.740414 -0.027501 -0.000048 296000000.000000 0.200000 0.000009 1.000000 0.000100 0.000000 0.000000
0.743715 0.743749 -0.027951 -0.000048 297333344.000000 0.200000 0.000009 1.000000 0.000100 0.000000 0.000000
0.747050 0.747084 -0.028405 -0.000048 298666656.000000 0.200000 0.000009 1.000000 0.000100 0.000000 0.000000
0.750385 0.750419 -0.028863 -0.000048 300000000.000000 0.200000 0.000009 1.000000 0.000100 0.000000 0.000000
0.753720 0.753754 -0.029325 -0.000048 301333344.000000 0.200000 0.000009 1.000000 0.000100 0.000000 0.000000
0.757055 0.757089 -0.029791 -0.000048 302666656.000000 0.200000 0.000009 1.000000 0.000100 0.000000 0.000000
0.760390 0.760424 -0.030262 -0.000048 304000000.000000 0.200000 0.000009 1.000000 0.000100 0.000000 0.000000
0.763725 0.763759 -0.030737 -0.000048 305333344.000000 0.200000 0.000009 1.000000 0.000100 0.000000 0.000000
0.767060 0.767094 -0.031217 -0.000048 306666656.000000 0.200000 0.000009 1.000000 0.000100 0.000000 0.000000
0.770395 0.770429 -0.031702 -0.000048 308000000.000000 0.200000 0.000009 1.000000 0.000100 0.000000 0.000000
0.773730 0.773764 -0.032192 -0.000048 309333344.000000 0.200000 0.000009 1.000000 0.000100 0.000000 0.000000
0.777065 0.777099 -0.032687 -0.000048 310666656.000000 0.200000 0.000009 1.000000 0.000100 0.000000 0.000000
0.780400 0.780434 -0.033187 -0.000048 312000000.000000 0.200000 0.000009 1.000000 0.000100 0.000000 0.000000
0.783735 0.783769 -0.033693 -0.000048 313333344.000000 0.200000 0.000009 1.000000 0.000100 0.000000 0.000000
0.787070 0.787104 -0.034205 -0.000048 314666656.000000 0.200000 0.000009 1.000000 0.000100 0.000000 0.000000
0.790405 0.790439 -0.034723 -0.000048 316000000.000000 0.200000 0.000009 1.000000 0.000100 0.000000 0.000000
0.793740 0.793774 -0.035247 -0.000048 317333344.000000 0.200000 0.000009 1.000000 0.000100 0.000000 0.000000
0.797075 0.797109 -0.035777 -0.000048 318666656.000000 0.200000 0.000009 1.000000 0.000100 0.000000 0.000000
0.800410 0.800444 -0.036314 -0.000048 320000000.000000 0.200000 0.000009 1.000000 0.000100 0.000000 0.000000
0.803745 0.803779 -0.036857 -0.000048 321333344.000000 0.200000 0.000009 1.000000 0.000100 0.000000 0.000000
0.807080 0.807114 -0.037408 -0.000048 322666656.000000 0.200000 0.000009 1.000000 0.000100 0.000000 0.000000
0.810415 0.810449 -0.037966 -0.000048 324000000.000000 0.200000 0.000009 1.000000 0.000100 0.000000 0.000000
0.813751 0.813784 -0.038532 -0.000048 325333344.000000 0.200000 0.000009 1.000000 0.000100 0.000000 0.000000
0.817086 0.817119 -0.039106 -0.000048 326666656.000000 0.200000 0.000009 1.000000 0.000100 0.000000 0.000000
0.820421 0.820454 -0.039688 -0.000048 328000000.000000 0.200000 0.000009 1.000000 0.000100 0.000000 0.000000
0.823756 0.823789 -0.040278 -0.000048 329333344.000000 0.200000 0.000009 1.000000 0.000100 0.000000 0.000000
0.827091 0.827124 -0.040878 -0.000048 330666656.000000 0.200000 0.000009 1.000000 0.000100 0.000000 0.000000
0.830426 0.830459 -0.041487 -0.000048 332000000.000000 0.200000 0.000009 1.000000 0.000100 0.000000 0.000000
0.833760 0.833794 -0.042105 -0.000048 333333344.000000 0.200000 0.000009 1.000000 0.000100 0.000000 0.000000
0.837095 0.837129 -0.042734 -0.000048 334666656.000000 0.200000 0.000009 1.000000 0.000100 0.000000 0.000000
0.840430 0.840464 -0.043373 -0.000048 336000000.000000 0.200000 0.000009 1.000000 0.000100 0.000000 0.000000
0.843765 0.843799 -0.044023 -0.000048 337333344.000000 0.200000 0.000009 1.000000 0.000100 0.000000 0.000000
0.847100 0.847134 -0.044685 -0.000048 338666656.000000 0.200000 0.000009 1.000000 0.000100 0.000000 0.000000
0.850435 0.850469 -0.045359 -0.000048 340000000.000000 0.200000 0.000009 1.000000 0.000100 0.000000 0.000000
0.853770 0.853804 -0.046045 -0.000048 341333344.000000 0.200000 0.000009 1.000000 0.000100 0.000000 0.000000
0.857105 0.857139 -0.046745 -0.000048 342666656.000000 0.200000 0.000009 1.000000 0.000100 0.000000 0.000000
0.860440 0.860474 -0.047459 -0.000048 344000000.000000 0.200000 0.000009 1.000000 0.000100 0.000000 0.000000
0.863776 0.863809 -0.048187 -0.000048 345333344.000000 0.200000 0.000009 1.000000 0.000100 0.000000 0.000000
0.867111 0.867144 -0.048930 -0.000048 346666656.000000 0.200000 0.000009 1.000000 0.000100 0.000000 0.000000
0.870446 0.870479 -0.049690 -0.000048 348000000.000000 0.200000 0.000009 1.000000 0.000100 0.000000 0.000000
0.873781 0.873814 -0.050467 -0.000048 349333344.000000 0.200000 0.000009 1.000000 0.000100 0.000000 0.000000
0.877116 0.877149 -0.051261 -0.000048 350666656.000000 0.200000 0.000009 1.000000 0.000100 0.000000 0.000000
0.880451 0.880484 -0.052075 -0.000048 352000000.000000 0.200000 0.000009 1.000000 0.000100 0.000000 0.000000
0.883786 0.883819 -0.052908 -0.000048 353333344.000000 0.200000 0.000009 1.000000 0.000100 0.000000 0.000000
0.887121 0.887154 -0.053763 -0.000048 354666656.000000 0.200000 0.000009 1.000000 0.000100 0.000000 0.000000
0.890456 0.890489 -0.054641 -0.000048 356000000.000000 0.200000 0.000009 1.000000 0.000100 0.000000 0.000000
0.893791 0.893824 -0.055542 -0.000048 357333344.000000 0.200000 0.000009 1.000000 0.000100 0.000000 0.000000
0.897126 0.897159 -0.056469 -0.000048 358666656.000000 0.200000 0.000009 1.000000 0.000100 0.000000 0.000000
0.900461 0.900494 -0.057423 -0.000048 360000000.000000 0.200000 0.000009 1.000000 0.000100 0.000000 0.000000
0.903796 0.903829 -0.058407 -0.000048 361333344.000000 0.200000 0.000009 1.000000 0.000100 0.000000 0.000000
0.907131 0.907164 -0.059422 -0.000048 362666656.000000 0.200000 0.000009 1.000000 0.000100 0.000000 0.000000
0.910466 0.910499 -0.060470 -0.000048 364000000.000000 0.200000 0.000009 1.000000 0.000100 0.000000 0.000000
0.913801 0.913834 -0.061555 -0.000048 365333344.000000 0.200000 0.000009 1.000000 0.000100 0.000000 0.000000
0.917136 0.917169 -0.062679 -0.000048 366666656.000000 0.200000 0.000009 1.000000 0.000100 0.000000 0.000000
0.920471 0.920504 -0.063845 -0.000048 368000000.000000 0.200000 0.000009 1.000000 0.000100 0.000000 0.000000
0.923806 0.923839 -0.065057 -0.000048 369333344.000000 0.200000 0.000009 1.000000 0.000100 0.000000 0.000000
0.927141 0.927174 -0.066319 -0.000048 370666656.000000 0.200000 0.000009 1.000000 0.000100 0.000000 0.000000
0.930476 0.930509 -0.067637 -0.000048 372000000.000000 0.200000 0.000009 1.000000 0.000100 0.000000 0.000000
0.933811 0.933844 -0.069015 -0.000048 373333344.000000 0.200000 0.000009 1.000000 0.000100 0.000000 0.000000
0.937146 0.937179 -0.070460 -0.000048 374666656.000000 0.200000 0.000009 1.000000 0.000100 0.000000 0.000000
0.940481 0.940514 -0.071980 -0.000048 376000000.000000 0.200000 0.000009 1.000000 0.000100 0.000000 0.000000
0.943816 0.943849 -0.073582 -0.000048 377333344.000000 0.200000 0.000009 1.000000 0.000100 0.000000 0.000000
0.947151 0.947184 -0.075277 -0.000048 378666656.000000 0.200000 0.000009 1.000000 0.000100 0.000000 0.000000
0.950486 0.950519 -0.077079 -0.000048 380000000.000000 0.200000 0.000009 1.000000 0.000100 0.000000 0.000000
0.953821 0.953854 -0.079000 -0.000048 381333344.000000 0.200000 0.000009 1.000000 0.000100 0.000000 0.000000
0.957156 0.957189 -0.081061 -0.000048 382666656.000000 0.200000 0.000009 1.000000 0.000100 0.000000 0.000000
0.960491 0.960524 -0.083283 -0.000048 384000000.000000 0.200000 0.000009 1.000000 0.000100 0.000000 0.000000
0.963826 0.963859 -0.085696 -0.000048 385333344.000000 0.200000 0.000009 1.000000 0.000100 0.000000 0.000000
0.967161 0.967194 -0.088336 -0.000048 386666656.000000 0.200000 0.000009 1.000000 0.000100 0.000000 0.000000
0.970496 0.970529 -0.091255 -0.000048 388000000.000000 0.200000 0.000009 1.000000 0.000100 0.000000 0.000000
0.973831 0.973864 -0.094518 -0.000048 389333344.000000 0.200000 0.000009 1.000000 0.000100 0.000000 0.000000
0.977166 0.977199 -0.098222 -0.000048 390666656.000000 0.200000 0.000009 1.000000 0.000100 0.000000 0.000000
0.980501 0.980534 -0.102508 -0.000048 392000000.000000 0.200000 0.000009 1.000000 0.000100 0.000000 0.000000
0.983836 0.983869 -0.107601 -0.000048 393333344.000000 0.200000 0.000009 1.000000 0.000100 0.000000 0.000000
0.987171 0.987204 -0.113881 -0.000048 394666656.000000 0.200000 0.000009 1.000000 0.000100 0.000000 0.000000
0.990506 0.990539 -0.122089 -0.000048 396000000.000000 0.200000 0.000009 1.000000 0.000100 0.000000 0.000000
0.993841 0.993874 -0.133974 -0.000048 397333344.000000 0.200000 0.000009 1.000000 0.000100 0.000000 0.000000
0.996520 0.996554 -0.149901 -0.000048 398404672.000000 0.200000 0.000009 1.000000 0.000100 0.000000 0.000000
